1 82 0
1 82 0
1 82 0
1 82 0
1 82 0
1 82 0
1 82 0
2 6 1
2 6 1
2 6 0
2 6 1
2 6 1
2 6 1
2 8 1
2 8 1
2 11 0
2 11 1
2 11 1
2 11 1
2 13 1
2 13 1
2 25 0
2 25 1
2 25 0
2 25 1
2 25 1
2 25 1
2 26 1
2 29 1
2 29 1
2 29 1
2 29 1
2 29 1
2 30 1
2 30 0
2 30 0
2 30 1
2 30 1
2 30 1
2 30 0
2 30 0
2 30 1
2 30 0
2 30 1
2 30 1
2 30 1
2 30 1
2 33 1
2 33 1
2 33 1
2 33 1
2 33 1
2 34 0
2 34 0
2 35 0
2 35 0
2 36 1
2 36 1
2 37 1
2 37 1
2 37 1
2 37 1
2 37 1
2 37 1
2 37 1
2 37 1
2 37 1
2 37 1
2 44 1
2 45 1
2 46 0
2 46 0
2 48 0
2 48 1
2 48 1
2 48 1
2 55 1
2 79 1
2 79 1
2 79 1
2 79 1
2 80 1
2 80 1
2 81 1
2 81 1
2 81 0
2 81 1
2 81 1
2 81 1
2 81 1
2 81 1
2 82 1
2 82 1
2 82 1
2 82 0
2 82 1
2 82 1
2 82 1
2 86 0
2 86 1
2 86 0
2 86 1
2 86 1
2 86 0
2 86 1
2 86 1
2 86 1
2 86 1
2 86 1
2 86 1
2 89 1
2 99 0
2 99 1
2 99 1
2 99 1
2 99 0
2 99 1
2 99 1
2 99 1
2 99 1
2 99 0
2 99 1
2 103 1
2 123 1
2 123 1
2 123 1
2 123 1
2 123 1
3 98 1
3 98 1
3 98 1
3 98 0
3 98 1
4 30 1
4 30 1
4 30 0
4 30 1
4 30 0
4 30 1
4 30 1
4 30 1
4 30 1
4 30 1
4 30 1
4 30 0
4 30 0
4 30 0
4 33 1
4 33 1
4 33 1
4 33 0
4 33 1
4 33 1
4 33 1
4 33 1
4 33 1
4 123 1
5 42 0
5 42 0
5 42 0
5 42 0
5 42 0
5 42 0
5 82 0
5 82 0
5 82 1
5 82 1
5 82 0
5 82 1
5 82 1
5 82 0
5 82 0
6 0 1
6 0 1
6 9 1
6 11 1
6 12 1
6 12 1
6 12 1
6 12 1
6 12 1
6 12 0
6 12 0
6 12 1
6 12 1
6 12 1
6 13 1
6 13 0
6 13 0
6 13 1
6 13 1
6 13 1
6 13 1
6 13 1
6 14 1
6 14 1
6 14 1
6 14 1
6 14 1
7 0 1
7 0 1
7 9 1
7 11 1
7 12 1
7 12 1
7 12 1
7 12 1
7 12 1
7 12 1
7 13 1
7 13 1
7 13 0
7 14 1
7 14 1
7 14 1
7 14 1
7 14 1
8 18 1
8 18 1
8 82 0
8 82 1
8 82 1
8 84 0
9 0 1
9 0 1
9 9 1
9 11 1
9 12 1
9 12 1
9 12 1
9 12 0
9 12 1
9 12 1
9 12 1
9 12 1
9 12 1
9 14 1
9 14 0
9 14 1
9 14 1
9 14 1
9 14 1
9 14 1
10 0 1
10 0 1
10 9 1
10 9 1
10 12 1
10 12 1
10 12 1
10 12 1
10 12 1
10 14 1
10 14 1
10 14 1
10 14 1
10 14 1
11 0 1
11 0 1
11 11 1
11 11 1
12 0 1
12 0 1
12 9 1
12 11 1
12 12 1
12 12 1
12 12 0
12 12 1
12 12 1
12 12 1
12 12 1
12 12 1
12 12 1
12 12 1
12 12 1
12 12 1
12 13 1
12 13 1
12 13 1
12 13 1
12 13 0
12 13 1
12 13 1
12 13 0
12 13 1
12 13 1
12 14 1
12 14 1
12 14 1
12 14 1
12 14 1
13 0 1
13 0 1
13 9 1
13 11 1
13 12 1
13 12 1
13 12 1
13 12 1
13 12 1
13 14 1
13 14 1
13 14 1
13 14 1
13 14 1
14 82 0
14 82 0
14 82 0
14 82 1
14 82 0
14 82 1
14 82 0
15 5 1
15 5 0
15 5 1
15 5 0
15 5 1
15 5 0
15 5 1
15 5 0
15 5 1
15 5 1
15 5 1
15 5 1
15 7 1
15 7 1
15 7 0
15 7 1
15 7 0
15 7 1
15 7 1
15 7 1
15 8 0
15 8 0
15 8 0
15 8 0
15 8 0
15 9 0
15 9 0
15 9 1
15 9 0
15 9 1
15 9 1
15 9 1
15 9 0
15 10 1
15 10 1
15 11 1
15 11 1
15 11 1
15 11 1
15 11 1
15 11 1
15 11 1
15 11 1
15 11 1
15 56 1
15 56 1
15 56 1
15 61 0
15 61 1
15 61 0
15 61 0
15 62 0
15 62 0
15 62 0
15 62 1
15 66 0
15 66 0
15 66 0
15 66 0
15 98 1
15 98 1
15 98 1
15 98 0
15 98 1
15 98 1
15 98 0
15 98 1
15 98 0
15 98 1
15 98 1
15 98 1
15 98 0
15 98 1
15 98 1
15 98 1
15 98 1
15 98 1
15 98 1
15 106 0
15 106 0
15 106 0
15 106 0
15 106 0
15 106 0
15 106 0
15 106 0
15 106 0
15 106 0
15 106 1
15 106 0
15 106 0
15 106 0
16 56 1
16 56 1
16 56 1
16 61 0
16 61 1
16 62 0
16 62 0
16 66 0
16 66 0
16 98 0
16 98 1
16 98 1
16 98 1
16 98 0
16 98 1
16 98 1
16 98 1
16 98 0
16 98 0
16 106 0
16 106 0
16 106 1
16 106 0
16 106 0
16 106 0
16 106 1
16 106 1
16 106 0
16 106 0
16 106 1
16 106 1
16 106 0
16 106 0
16 106 1
16 106 1
16 106 0
16 106 0
16 106 1
16 106 1
16 106 0
16 106 0
16 106 1
16 106 1
16 106 0
16 106 0
16 106 1
16 106 1
16 106 0
16 106 0
16 106 1
16 106 1
16 106 1
16 106 0
16 106 0
16 106 0
16 106 0
16 106 1
17 37 1
17 37 0
17 37 1
17 37 1
17 45 1
17 55 1
17 55 0
17 55 1
17 55 1
17 55 1
17 56 0
17 79 0
17 79 0
17 79 0
17 79 0
17 79 0
17 79 0
17 79 0
17 80 1
17 82 0
17 82 0
17 82 0
17 82 0
17 82 0
17 82 0
17 82 0
17 123 0
17 123 1
17 123 1
18 37 1
18 45 0
18 45 1
18 45 0
18 45 1
18 45 1
18 55 0
18 55 1
18 55 1
18 55 1
18 55 0
18 55 1
18 55 1
18 55 1
18 79 0
18 79 0
18 79 0
18 79 1
18 79 0
18 79 1
18 79 0
18 80 0
18 80 0
18 80 0
18 80 0
18 80 0
18 82 0
18 82 0
18 82 1
18 82 0
18 123 0
18 123 1
18 123 1
18 123 1
18 123 1
18 123 1
18 123 0
18 123 0
18 123 0
18 123 1
18 123 0
18 123 0
18 123 1
18 123 0
18 123 1
18 123 1
18 123 1
18 123 1
18 123 1
18 123 0
19 14 0
19 37 1
19 45 0
19 45 1
19 45 0
19 45 1
19 45 0
19 55 0
19 55 1
19 55 1
19 55 1
19 55 0
19 55 1
19 55 0
19 55 1
19 55 0
19 79 0
19 80 0
19 80 1
19 123 1
19 123 1
19 123 0
19 123 1
19 123 1
19 123 1
19 123 1
19 123 1
19 123 1
19 123 1
19 123 0
19 123 1
19 123 0
19 123 1
19 123 0
20 30 0
20 30 1
20 30 1
20 30 1
20 30 0
20 32 0
20 32 1
20 32 0
20 32 0
20 32 1
20 32 1
20 32 1
20 37 0
20 37 1
20 37 0
20 37 1
20 45 0
20 45 1
20 45 1
20 45 1
20 55 0
20 55 1
20 55 1
20 55 1
20 55 0
20 55 1
20 55 0
20 55 1
20 55 1
20 79 1
20 80 0
20 80 0
20 80 0
20 80 0
20 80 0
20 123 0
20 123 0
20 123 1
20 123 1
20 123 1
20 123 0
20 123 1
20 123 1
20 123 0
20 123 1
20 123 1
20 123 0
20 123 1
20 123 1
20 123 0
20 123 1
20 123 0
20 123 0
20 123 1
20 123 0
20 123 0
20 123 1
20 123 0
21 5 0
21 6 0
21 6 0
21 7 0
21 7 0
21 7 0
21 7 1
21 7 1
21 7 0
21 7 0
21 7 0
21 7 1
21 7 1
21 7 1
21 8 0
21 8 0
21 8 0
21 8 0
21 9 0
21 9 0
21 9 0
21 9 0
21 9 0
21 9 0
21 14 1
21 14 0
21 30 0
21 30 0
21 30 0
21 30 0
21 30 0
21 30 0
21 30 1
21 30 0
21 30 0
21 30 0
21 30 0
21 30 0
21 30 0
21 30 0
21 30 0
21 30 0
21 30 0
21 30 0
21 30 0
21 32 0
21 32 0
21 32 0
21 32 0
21 32 0
21 32 0
21 32 0
21 37 1
21 38 0
21 38 0
21 38 0
21 38 0
21 38 0
21 38 0
21 38 0
21 45 1
21 53 0
21 53 0
21 53 0
21 53 0
21 53 0
21 53 0
21 53 0
21 53 0
21 53 0
21 53 0
21 55 1
21 55 1
21 56 0
21 56 0
21 56 0
21 56 1
21 56 1
21 58 1
21 59 0
21 79 0
21 79 0
21 79 1
21 79 1
21 79 1
21 80 1
21 81 1
21 81 1
21 82 0
21 82 0
21 82 0
21 82 0
21 82 0
21 82 0
21 82 0
21 82 0
21 82 0
21 98 0
21 98 1
21 98 0
21 98 0
21 98 1
21 98 1
21 98 1
21 123 0
21 123 0
21 123 0
21 123 1
21 123 0
21 123 0
21 123 0
21 123 0
21 123 0
21 123 1
21 123 0
22 6 1
22 6 1
22 6 1
22 6 1
22 8 1
22 8 1
22 10 1
22 10 1
22 14 0
22 14 0
22 14 1
22 14 1
22 14 0
22 14 0
22 14 0
22 14 0
22 14 0
22 14 0
22 14 1
22 14 1
22 14 0
22 14 0
22 14 0
22 14 1
22 14 1
22 14 1
22 14 1
22 14 0
22 14 0
22 14 0
22 27 0
22 30 0
22 30 1
22 30 1
22 30 1
22 30 0
22 30 1
22 30 1
22 30 1
22 32 0
22 32 0
22 32 0
22 32 0
22 32 0
22 32 1
22 32 0
22 45 0
22 45 0
22 45 0
22 45 0
22 45 0
22 45 0
22 45 0
22 45 0
22 45 0
22 45 0
22 45 0
22 45 0
22 45 0
22 45 0
22 45 0
22 45 0
22 45 0
22 45 0
22 45 0
22 45 0
22 58 0
22 58 0
22 58 0
22 58 0
22 58 0
22 58 0
22 58 0
22 58 0
22 58 0
22 58 0
22 58 0
22 58 0
22 58 0
22 58 0
22 58 0
22 58 0
22 58 0
22 58 0
22 58 0
22 58 0
22 58 0
22 58 0
22 58 0
22 58 0
22 58 0
22 58 0
22 58 0
22 96 0
22 96 0
22 96 0
22 96 0
22 96 0
22 96 0
22 96 0
22 96 0
22 96 0
22 96 0
22 96 0
22 96 0
22 96 0
22 96 1
22 96 0
22 96 1
22 97 0
22 97 0
22 97 0
22 98 0
22 98 0
22 98 0
22 98 0
22 98 0
22 98 0
22 98 0
22 123 0
22 123 0
22 123 0
23 30 0
23 30 0
23 30 0
23 98 0
23 98 0
23 98 0
23 98 0
23 98 0
23 98 0
24 6 1
24 6 0
24 6 0
24 6 1
24 6 1
24 6 1
24 6 1
24 6 0
24 6 1
24 6 1
24 6 1
24 6 1
24 8 1
24 8 0
24 8 0
24 8 1
24 8 1
24 8 1
24 8 1
24 10 0
24 10 1
24 10 1
24 10 1
24 14 1
24 14 1
24 14 0
24 14 1
24 14 1
24 14 0
24 14 1
24 14 1
24 14 1
24 14 1
24 14 1
24 18 1
24 19 1
24 27 1
24 30 0
24 30 1
24 30 1
24 30 1
24 30 0
24 30 1
24 30 0
24 30 1
24 30 1
24 30 1
24 32 1
24 37 1
24 45 0
24 45 0
24 45 1
24 45 1
24 45 1
24 45 1
24 45 1
24 45 1
24 45 1
24 45 1
24 45 1
24 45 1
24 45 1
24 58 0
24 58 1
24 58 0
24 58 0
24 58 1
24 58 1
24 58 1
24 58 1
24 58 1
24 58 1
24 58 1
24 58 1
24 58 1
24 58 1
24 58 1
24 58 1
24 59 0
24 59 0
24 59 0
24 59 0
24 81 0
24 81 0
24 81 0
24 81 1
24 81 0
24 81 1
24 81 1
24 81 0
24 81 1
24 81 1
24 81 1
24 96 1
24 96 0
24 96 0
24 96 0
24 96 1
24 96 1
24 96 1
24 98 0
24 98 0
24 98 0
24 98 0
24 98 0
24 98 0
24 98 0
24 98 1
24 98 0
24 98 0
24 98 0
24 98 0
24 98 1
24 98 1
24 98 0
24 98 1
24 98 0
24 98 0
24 98 1
24 98 0
24 103 0
24 103 0
24 123 1
24 123 1
24 123 1
24 123 0
24 123 0
24 123 1
24 123 1
24 123 1
24 123 1
24 123 1
24 123 0
24 123 0
24 123 1
24 123 1
24 123 0
24 123 1
24 123 0
24 123 1
25 9 0
25 11 1
25 79 0
25 79 1
25 79 1
25 79 1
26 18 1
26 20 1
26 20 1
26 20 0
26 20 1
26 20 1
26 20 1
26 21 1
26 25 0
26 25 1
26 25 0
26 25 1
26 25 0
26 25 1
26 25 1
26 25 1
26 25 1
26 38 1
26 41 1
26 41 1
26 41 0
26 41 1
26 41 1
26 41 1
26 44 1
26 47 0
26 47 0
26 47 1
26 47 1
26 47 1
26 48 1
26 48 1
26 48 1
26 53 1
26 53 1
26 53 0
26 53 1
26 53 1
26 53 1
26 67 1
26 81 1
26 81 1
26 81 1
26 81 1
26 81 1
26 81 1
26 82 1
26 82 1
26 82 1
26 82 1
26 82 1
26 82 1
26 123 1
26 123 1
26 123 1
27 0 1
27 0 1
27 0 1
27 0 1
27 0 1
27 0 1
27 0 1
27 0 1
27 9 1
27 9 1
27 9 1
27 9 1
27 9 1
27 9 1
27 9 1
27 11 1
28 46 0
29 46 0
29 46 1
29 46 1
29 46 1
29 46 1
29 46 1
29 97 0
29 123 0
29 123 0
29 123 1
30 98 1
30 98 1
30 98 0
30 98 0
30 98 0
30 98 0
30 98 1
30 98 1
30 98 0
30 98 0
30 98 0
30 98 0
30 98 0
30 98 0
30 98 1
30 98 0
30 98 1
30 98 1
30 98 1
30 98 0
30 98 1
30 98 0
30 98 1
30 98 0
30 98 0
30 98 0
30 98 0
30 98 1
30 98 0
30 98 1
31 119 1
32 59 1
32 59 1
32 59 1
32 59 0
32 59 1
32 59 0
32 59 1
32 59 1
33 1 0
33 38 0
33 38 0
33 38 1
33 38 1
33 38 1
33 38 1
33 38 1
33 42 0
33 42 1
33 42 0
33 42 0
33 42 1
33 42 1
33 42 0
33 42 1
33 42 1
33 42 1
33 42 0
33 42 1
33 42 0
33 42 0
33 42 1
33 42 1
33 42 1
33 42 1
33 42 1
33 44 0
33 48 1
33 48 0
33 48 0
33 49 0
33 49 0
33 78 0
33 78 1
33 78 1
33 78 1
33 78 0
33 78 0
33 78 1
33 78 0
33 78 1
33 78 0
33 78 1
33 78 0
33 78 0
33 78 0
33 78 1
33 78 0
33 78 1
33 78 1
33 78 1
33 78 1
33 78 1
33 80 0
33 80 0
33 80 0
33 80 0
33 80 0
33 80 1
33 80 1
33 80 1
33 80 1
33 80 1
33 82 0
33 82 1
33 82 1
33 82 1
33 82 1
33 82 1
33 123 0
33 123 1
33 123 1
33 123 0
33 123 1
33 123 1
33 123 0
33 123 1
33 123 0
33 123 1
33 123 1
33 123 0
33 123 0
33 123 0
33 123 1
33 123 1
34 5 1
34 6 0
34 6 1
34 6 1
34 6 1
34 6 1
34 6 1
34 6 1
34 6 1
34 6 1
34 8 1
34 8 1
34 9 0
34 10 1
34 10 1
34 10 1
34 11 1
34 11 1
34 14 1
34 14 1
34 18 1
34 30 1
34 33 1
34 33 1
34 33 1
34 33 1
34 33 1
34 87 1
34 88 1
34 91 0
34 91 0
34 91 0
34 92 0
34 93 0
34 94 0
34 94 1
34 94 0
34 94 1
34 94 1
34 101 0
34 123 1
34 123 0
35 38 0
35 38 0
35 38 0
35 38 0
35 38 0
35 38 0
35 38 0
35 38 0
35 42 0
35 42 0
35 78 1
35 78 1
35 78 1
35 78 1
35 78 1
35 80 0
35 80 0
35 80 0
35 80 0
35 80 0
35 80 0
35 80 0
35 80 0
35 80 0
35 80 0
35 80 1
35 80 0
35 80 1
35 80 1
35 80 0
35 80 1
35 80 0
35 80 1
35 80 1
35 80 1
35 80 0
35 80 0
35 82 0
35 82 0
35 82 0
35 82 0
35 82 0
35 82 0
35 82 1
35 82 1
35 82 1
35 82 0
35 82 1
35 82 0
35 82 1
35 82 0
35 82 1
35 82 1
35 82 1
35 82 0
35 82 1
35 82 1
35 82 1
35 82 1
35 82 1
35 123 0
35 123 0
35 123 1
35 123 0
35 123 0
35 123 0
35 123 0
35 123 0
35 123 1
35 123 1
35 123 1
35 123 1
35 123 0
35 123 1
35 123 1
35 123 0
35 123 1
35 123 1
35 123 0
35 123 0
35 123 0
35 123 0
35 123 0
35 123 1
35 123 0
35 123 0
35 123 0
35 123 1
35 123 1
35 123 1
35 123 0
35 123 0
35 123 0
35 123 0
35 123 0
35 123 0
35 123 0
35 123 0
35 123 0
35 123 1
35 123 1
35 123 1
35 123 1
36 38 0
36 80 0
36 80 0
36 80 0
36 80 0
36 80 0
36 80 0
36 80 0
36 80 0
36 80 0
36 80 0
36 80 0
36 80 0
36 80 0
36 80 0
36 80 0
36 80 0
36 80 0
36 80 0
36 80 0
36 80 0
36 80 0
36 80 0
36 80 0
36 80 0
36 80 0
36 80 0
36 80 1
36 80 0
36 80 0
36 80 0
36 82 0
36 82 1
36 82 0
36 82 1
36 82 1
36 82 1
36 82 1
36 82 0
36 82 1
36 123 0
36 123 0
36 123 0
36 123 0
36 123 0
36 123 0
36 123 0
36 123 1
36 123 1
36 123 0
36 123 1
36 123 0
36 123 0
36 123 1
36 123 1
36 123 1
36 123 0
36 123 0
36 123 0
36 123 1
36 123 0
36 123 0
36 123 0
36 123 0
36 123 0
36 123 0
36 123 1
36 123 0
36 123 1
36 123 0
36 123 0
36 123 0
36 123 0
36 123 0
36 123 0
36 123 0
36 123 0
36 123 0
36 123 0
36 123 0
36 123 0
36 123 0
36 123 0
36 123 1
36 123 0
36 123 0
36 123 1
36 123 0
36 123 0
36 123 0
36 123 0
36 123 0
36 123 0
36 123 0
36 123 0
36 123 0
36 123 0
36 123 0
36 123 0
36 123 0
36 123 0
36 123 1
36 123 0
36 123 0
36 123 0
36 123 0
36 123 0
36 123 0
36 123 0
36 123 0
36 123 0
36 123 0
36 123 0
36 123 0
36 123 0
36 123 0
36 123 1
36 123 0
36 123 0
36 123 0
36 123 0
36 123 0
36 123 0
36 123 0
36 123 0
36 123 1
36 123 0
37 38 1
37 38 1
37 38 1
37 38 1
37 38 1
37 42 0
37 42 0
37 78 0
37 78 1
37 78 1
37 78 1
37 78 1
37 78 1
37 80 0
37 80 0
37 80 0
37 80 0
37 80 0
37 80 0
37 80 0
37 80 0
37 80 0
37 80 0
37 80 0
37 80 0
37 80 0
37 80 0
37 80 0
37 80 0
37 80 0
37 80 0
37 80 0
37 80 0
37 80 0
37 80 0
37 80 0
37 80 0
37 80 0
37 80 0
37 80 0
37 80 0
37 80 0
37 80 0
37 82 0
37 82 0
37 82 0
37 82 0
37 82 0
37 82 0
37 82 0
37 82 0
37 82 0
37 82 0
37 82 0
37 82 0
37 82 1
37 82 1
37 82 1
37 82 0
37 82 1
37 82 1
37 82 1
37 82 1
37 82 1
37 123 0
37 123 0
37 123 0
37 123 0
37 123 0
37 123 0
37 123 0
37 123 0
37 123 0
37 123 0
37 123 0
37 123 0
37 123 0
37 123 0
37 123 0
37 123 0
37 123 0
37 123 0
37 123 0
37 123 0
37 123 0
37 123 0
37 123 0
37 123 0
37 123 0
37 123 0
37 123 0
37 123 0
37 123 0
37 123 0
37 123 0
37 123 0
37 123 0
37 123 0
37 123 0
37 123 0
37 123 0
37 123 0
37 123 0
37 123 0
37 123 0
37 123 0
37 123 0
37 123 0
37 123 0
37 123 0
37 123 0
37 123 0
37 123 0
37 123 0
37 123 0
37 123 0
37 123 1
37 123 0
37 123 0
37 123 0
37 123 0
37 123 0
37 123 0
37 123 0
37 123 0
37 123 1
37 123 0
37 123 0
37 123 0
37 123 0
37 123 0
37 123 1
37 123 0
37 123 0
37 123 0
37 123 0
37 123 0
37 123 0
37 123 0
37 123 0
37 123 0
37 123 0
37 123 0
37 123 0
37 123 0
37 123 0
37 123 0
37 123 0
37 123 0
37 123 1
37 123 0
37 123 0
37 123 1
37 123 0
38 1 0
38 1 0
38 1 1
38 30 1
38 30 1
38 30 1
38 30 1
38 30 0
38 30 1
38 30 1
38 30 1
38 30 1
38 30 1
38 38 0
38 38 1
38 38 1
38 38 1
38 38 1
38 38 1
38 42 1
38 42 1
38 42 1
38 42 0
38 42 1
38 42 1
38 42 0
38 42 0
38 42 1
38 42 0
38 44 0
38 44 0
38 44 1
38 44 0
38 44 1
38 44 1
38 44 1
38 48 1
38 48 1
38 48 0
38 48 0
38 48 0
38 48 0
38 48 1
38 48 1
38 48 1
38 48 1
38 48 1
38 49 0
38 49 0
38 49 0
38 49 1
38 49 1
38 49 0
38 49 1
38 49 0
38 49 0
38 49 1
38 78 0
38 78 0
38 78 1
38 78 0
38 78 1
38 78 0
38 78 0
38 78 0
38 78 0
38 78 1
38 80 0
38 80 1
38 80 0
38 80 0
38 80 0
38 80 0
38 80 0
38 80 0
38 80 0
38 80 0
38 80 0
38 80 0
38 80 0
38 82 0
38 82 0
38 82 0
38 82 0
38 82 0
38 82 0
38 82 0
38 82 1
38 82 0
38 82 0
38 123 1
38 123 0
38 123 0
38 123 1
38 123 0
38 123 0
38 123 0
38 123 0
38 123 0
38 123 0
38 123 0
38 123 0
38 123 0
38 123 0
38 123 0
38 123 0
38 123 0
38 123 0
38 123 0
38 123 0
38 123 0
38 123 0
38 123 0
38 123 0
38 123 0
38 123 0
38 123 0
38 123 0
38 123 0
38 123 0
38 123 0
38 123 0
38 123 0
38 123 0
38 123 0
38 123 0
38 123 1
38 123 1
38 123 1
39 1 0
39 1 0
39 1 1
39 1 0
39 38 0
39 38 1
39 38 0
39 38 1
39 38 1
39 38 0
39 38 1
39 38 1
39 38 1
39 38 1
39 38 0
39 38 1
39 38 1
39 38 1
39 38 1
39 38 0
39 38 1
39 38 1
39 38 1
39 38 0
39 38 1
39 38 1
39 38 1
39 38 1
39 38 0
39 38 1
39 38 1
39 38 1
39 38 1
39 38 1
39 42 1
39 42 1
39 42 1
39 42 1
39 42 1
39 44 0
39 44 1
39 44 0
39 44 0
39 44 0
39 44 0
39 44 1
39 44 0
39 48 0
39 48 0
39 48 0
39 49 0
39 49 1
39 49 1
39 49 0
39 49 1
39 49 1
39 49 0
39 49 1
39 49 0
39 49 0
39 49 1
39 49 1
39 49 0
39 49 1
39 49 0
39 49 1
39 49 1
39 49 1
39 49 0
39 49 0
39 49 1
39 49 1
39 49 0
39 49 0
39 49 1
39 49 1
39 49 1
39 49 0
39 49 0
39 49 1
39 49 0
39 49 1
39 78 1
39 78 1
39 78 1
39 78 1
39 78 1
39 80 0
39 80 1
39 80 1
39 80 0
39 80 0
39 80 0
39 80 0
39 80 1
39 80 0
39 80 1
39 80 1
39 80 1
39 80 1
39 80 1
39 82 1
39 82 1
39 82 0
39 82 1
39 82 1
39 123 0
39 123 1
39 123 0
39 123 1
39 123 0
39 123 0
39 123 0
39 123 0
39 123 0
39 123 1
39 123 0
39 123 1
39 123 0
39 123 1
39 123 0
39 123 0
39 123 1
39 123 0
40 80 0
40 123 0
40 123 0
41 32 1
41 32 1
42 32 1
42 32 1
43 32 1
43 32 1
44 32 1
44 32 1
45 30 0
45 30 1
45 30 1
45 30 1
45 30 1
45 30 0
45 30 0
45 30 0
45 30 0
45 32 1
46 22 1
46 30 1
46 30 1
46 30 1
46 30 1
46 30 0
46 30 0
46 30 1
46 30 1
46 30 0
46 30 1
46 30 1
46 30 0
46 30 0
46 30 0
46 30 0
46 30 1
46 30 0
46 30 1
46 30 0
46 30 0
46 30 1
46 30 1
46 30 1
46 32 1
46 38 0
46 43 1
46 44 1
46 78 0
46 78 1
46 78 1
46 78 1
47 32 1
47 32 1
47 32 1
47 33 1
47 33 0
48 52 1
48 52 1
48 52 1
48 52 1
48 52 1
49 30 1
49 30 1
49 30 1
49 30 0
49 30 1
49 30 1
49 30 1
49 30 0
49 30 0
49 30 0
49 30 0
49 30 1
49 30 0
49 30 0
49 30 0
49 32 0
49 32 1
49 32 1
49 32 1
50 59 0
50 59 1
50 59 0
50 59 1
50 59 1
50 59 1
51 32 1
51 32 1
52 98 0
52 98 1
52 98 1
52 98 0
52 98 1
52 98 0
52 98 1
52 98 1
52 98 1
52 98 0
52 98 1
52 98 1
52 98 1
52 98 1
53 98 1
53 98 1
53 98 0
53 98 0
53 98 1
53 98 1
53 98 1
53 98 0
53 98 1
53 98 1
53 98 1
53 98 0
53 98 1
53 98 1
53 98 1
53 98 0
53 98 1
54 98 0
54 98 0
54 98 0
54 98 0
54 98 0
54 98 1
54 98 1
54 98 0
54 98 0
54 98 0
54 98 0
54 98 0
54 98 1
54 98 1
54 98 1
54 98 1
54 98 0
54 98 1
54 98 0
54 98 0
54 98 1
54 98 1
54 98 1
55 98 1
55 98 0
55 98 1
55 98 1
55 98 1
55 98 1
55 98 1
55 98 1
56 98 1
56 98 1
56 98 1
56 98 1
56 98 1
57 5 0
57 5 1
57 5 0
57 5 0
57 5 1
57 5 0
57 5 1
57 5 1
57 5 1
57 5 0
57 7 0
57 7 1
57 7 0
57 7 0
57 8 0
57 8 1
57 8 1
57 8 0
57 9 0
57 9 1
57 9 0
57 9 0
57 9 1
57 9 0
57 9 0
57 9 1
57 9 0
57 9 1
57 9 0
57 10 1
57 10 1
57 11 0
57 11 0
57 11 1
57 56 1
57 56 0
57 56 1
57 56 1
57 56 1
57 98 1
57 98 1
57 98 0
57 98 1
57 98 1
57 98 1
57 98 0
57 98 0
57 98 1
57 98 0
57 98 0
57 98 1
57 98 1
57 98 1
57 98 0
57 98 1
57 98 1
57 98 1
57 98 0
57 98 1
57 98 0
57 98 1
57 98 1
57 98 1
57 98 0
57 98 1
57 98 1
57 98 1
57 98 1
57 98 1
57 98 1
57 106 0
57 106 0
57 106 0
57 106 0
57 106 0
57 106 0
57 106 1
57 106 0
58 98 1
58 98 1
58 98 0
58 98 1
58 98 1
58 98 1
58 98 1
58 98 0
58 98 1
58 98 1
58 98 1
59 42 0
59 42 0
59 42 0
59 42 0
59 42 0
59 56 0
59 56 1
59 56 1
59 56 1
59 79 0
59 79 1
59 79 1
59 79 1
59 79 1
59 81 1
59 81 1
59 82 0
59 82 0
59 82 0
59 82 0
59 82 0
59 82 0
59 82 0
60 48 0
60 48 0
60 48 0
60 48 0
60 48 0
60 48 0
60 52 0
60 123 1
60 123 1
60 123 1
60 123 1
60 123 1
60 123 1
61 82 1
61 82 0
61 82 1
61 82 1
61 82 0
61 82 1
61 82 0
61 82 1
61 82 0
61 82 1
61 82 1
61 82 1
61 82 0
61 82 1
61 82 0
61 82 1
61 82 1
61 82 1
61 82 0
61 82 1
61 82 1
61 82 1
61 82 1
61 82 1
61 82 1
62 4 0
62 4 0
62 4 0
62 4 0
62 4 0
62 4 0
62 4 0
62 4 0
62 4 1
62 4 0
62 4 1
62 7 0
62 7 0
62 7 0
62 7 0
62 7 0
62 7 0
62 7 0
62 7 0
62 7 0
62 7 0
62 7 0
62 7 0
62 8 0
62 8 0
62 9 0
62 9 0
62 9 0
62 11 0
62 11 0
62 66 0
62 123 0
62 123 0
62 123 0
62 123 0
62 123 0
62 123 0
62 123 0
62 123 0
62 123 0
62 123 0
63 49 0
63 49 0
64 63 1
64 63 1
64 63 1
64 98 0
64 98 0
64 98 0
64 98 1
64 98 1
64 98 0
64 98 1
64 98 1
64 98 1
64 98 1
64 98 0
64 98 1
64 98 0
64 98 0
64 98 0
64 98 0
64 98 0
64 98 0
64 98 0
64 98 1
64 98 1
64 98 1
64 98 0
64 98 0
64 98 0
64 98 1
64 98 1
64 98 1
64 98 0
64 98 1
64 98 0
64 98 1
64 98 0
64 98 0
64 98 1
64 98 1
64 98 1
64 98 1
64 98 1
64 98 1
64 98 1
64 99 1
64 99 1
65 37 0
65 38 0
65 38 1
65 38 0
65 38 0
65 38 0
65 38 0
65 38 0
65 42 0
65 42 1
65 42 1
65 42 0
65 42 1
65 42 0
65 42 0
65 55 0
65 56 1
65 79 1
65 79 0
65 79 1
65 79 0
65 79 0
65 79 0
65 79 1
65 79 0
65 81 1
65 81 1
65 82 0
65 82 0
65 82 0
65 82 0
65 82 0
65 82 0
65 82 0
65 82 0
65 82 0
65 82 0
65 82 0
65 82 0
65 82 0
65 82 0
65 96 1
65 123 0
65 123 1
65 123 0
66 37 1
66 37 1
66 42 0
66 42 1
66 42 0
66 42 1
66 42 0
66 42 0
66 45 0
66 45 1
66 45 0
66 55 0
66 55 1
66 55 1
66 55 0
66 55 1
66 79 1
66 79 0
66 79 1
66 79 1
66 79 0
66 79 0
66 79 1
66 79 1
66 81 1
66 81 1
66 82 0
66 82 1
66 82 0
66 82 1
66 82 0
66 82 1
66 82 1
66 82 1
66 123 0
66 123 1
66 123 1
66 123 0
66 123 1
66 123 0
67 18 0
67 30 1
67 30 0
67 30 0
67 30 0
67 30 1
67 30 1
67 30 0
67 30 0
67 30 1
67 30 0
67 30 0
67 30 0
67 30 0
67 30 0
67 30 1
67 30 0
67 37 0
67 38 0
67 38 0
67 38 0
67 38 0
67 38 0
67 38 0
67 38 0
67 38 1
67 42 0
67 42 0
67 42 0
67 42 0
67 42 0
67 42 0
67 42 0
67 42 1
67 55 0
67 56 1
67 79 0
67 79 1
67 79 1
67 79 0
67 79 1
67 79 0
67 79 1
67 79 0
67 79 1
67 79 1
67 79 0
67 79 0
67 79 0
67 79 0
67 79 0
67 79 1
67 79 1
67 81 0
67 81 0
67 81 1
67 81 1
67 81 1
67 81 1
67 82 0
67 82 0
67 82 0
67 82 0
67 82 0
67 82 0
67 82 0
67 82 0
67 82 0
67 82 0
67 82 0
67 82 0
67 82 0
67 82 0
67 82 0
67 82 0
67 82 1
67 82 1
67 82 1
67 82 0
67 82 1
67 96 1
67 123 1
67 123 1
67 123 1
67 123 0
67 123 0
67 123 0
67 123 1
68 6 0
68 6 0
68 6 0
68 6 0
68 6 0
68 6 0
68 6 0
68 6 0
68 6 0
68 6 0
68 6 0
68 6 0
68 6 0
68 6 0
68 6 0
68 6 0
68 8 0
68 8 0
68 8 0
68 8 0
68 10 0
68 10 0
68 10 0
68 10 0
68 10 0
68 14 0
68 14 0
68 14 0
68 14 0
68 14 0
68 14 0
68 14 0
68 14 0
68 14 0
68 14 0
68 14 0
68 14 0
68 14 0
68 37 0
68 37 0
68 37 0
68 37 0
68 37 0
68 37 0
68 37 0
68 45 0
68 45 0
68 45 0
68 45 0
68 45 0
68 45 0
68 45 0
68 45 0
68 45 0
68 45 0
68 45 0
68 45 0
68 45 0
68 45 0
68 45 0
68 45 0
68 45 0
68 45 0
68 45 0
68 45 0
68 45 0
68 45 0
68 45 0
68 45 0
68 45 0
68 45 0
68 45 0
68 45 0
68 45 0
68 45 0
68 45 0
68 45 0
68 45 0
68 45 0
68 45 0
68 45 0
68 45 0
68 45 0
68 45 0
68 45 0
68 45 0
68 45 0
68 45 0
68 45 0
68 45 0
68 45 0
68 45 0
68 45 0
68 45 0
68 45 0
68 45 0
68 45 0
68 45 0
68 45 0
68 45 0
68 45 0
68 45 0
68 45 0
68 45 0
68 45 0
68 58 0
68 58 0
68 58 0
68 58 0
68 58 0
68 58 0
68 58 0
68 58 0
68 58 0
68 58 0
68 58 0
68 58 0
68 58 0
68 58 0
68 58 0
68 58 0
68 58 0
68 58 0
68 58 0
68 58 0
68 58 0
68 58 0
68 58 0
68 58 0
68 58 0
68 58 0
68 58 0
68 58 0
68 58 0
68 58 0
68 58 0
68 58 0
68 58 0
68 58 0
68 58 0
68 58 0
68 58 0
68 58 0
68 58 0
68 58 0
68 58 0
68 58 0
68 58 0
68 58 0
68 58 0
68 58 0
68 58 0
68 58 0
68 58 0
68 58 0
68 58 0
68 58 0
68 58 0
68 58 0
68 58 0
68 58 0
68 58 0
68 58 0
68 58 0
68 58 0
68 58 0
68 58 0
68 58 0
68 58 0
68 58 0
68 58 0
68 58 0
68 58 0
68 58 0
68 58 0
68 58 0
68 58 0
68 58 0
68 58 0
68 58 0
68 58 0
68 58 0
68 58 0
68 58 0
68 58 0
68 58 0
68 58 0
68 63 0
68 63 0
68 63 0
68 81 0
68 81 0
68 81 0
68 81 0
68 81 0
68 81 0
68 81 0
68 81 0
68 81 0
68 81 0
68 81 0
68 81 0
68 81 0
68 81 0
68 81 0
68 81 0
68 81 0
68 81 0
68 81 0
68 81 0
68 81 0
68 81 0
68 81 0
68 81 0
68 96 0
68 96 0
68 96 0
68 96 0
68 96 0
68 96 0
68 96 0
68 96 0
68 96 0
68 96 0
68 96 0
68 96 0
68 96 0
68 96 0
68 96 0
68 97 0
68 97 0
68 97 0
68 98 0
68 98 0
68 98 0
68 98 0
68 98 0
68 98 0
68 98 1
68 98 0
68 98 0
68 98 0
68 98 0
68 98 1
68 98 0
68 98 0
68 98 0
68 98 0
68 98 0
68 98 0
68 98 0
68 98 1
68 98 1
68 98 1
68 98 0
68 98 0
68 98 0
68 98 0
68 98 0
68 98 0
68 98 0
68 98 0
68 98 0
68 98 0
68 98 1
68 98 1
68 98 0
68 98 0
68 98 1
68 98 1
68 98 0
68 98 1
68 98 1
68 98 1
68 98 0
68 98 0
68 98 1
68 98 1
68 98 0
68 98 1
68 98 1
68 98 1
68 98 0
68 98 0
68 98 1
68 98 1
68 99 0
68 99 1
68 99 1
68 99 1
68 99 0
68 99 1
68 99 1
68 99 1
68 99 0
68 99 1
68 99 0
68 99 1
68 99 0
68 99 1
68 99 0
68 99 1
68 99 1
68 99 1
68 99 0
68 99 1
68 99 1
68 99 1
68 99 0
68 99 0
68 99 0
68 99 1
68 99 1
68 99 1
68 104 0
68 104 0
68 104 0
68 104 0
68 104 0
68 104 0
68 104 0
68 104 0
68 104 0
68 104 0
68 104 0
68 104 0
68 104 0
68 104 0
68 104 0
68 123 0
68 123 0
68 123 0
68 123 0
68 123 0
68 123 0
68 123 0
68 123 0
68 123 0
68 123 0
68 123 0
68 123 0
68 123 0
68 123 0
68 123 0
68 123 0
68 123 0
68 123 0
68 123 0
68 123 0
68 123 0
68 123 0
68 123 0
68 123 0
68 123 0
68 123 0
68 123 0
68 123 0
68 123 0
68 123 0
68 123 1
68 123 0
68 123 0
68 123 0
68 123 1
68 123 0
68 123 1
68 123 0
68 123 1
68 123 0
68 123 1
68 123 1
68 123 0
68 123 1
68 123 1
68 123 1
68 123 1
69 13 0
69 13 0
69 13 0
69 13 1
69 13 1
69 13 0
69 13 1
69 13 0
70 30 0
70 37 1
70 38 0
70 42 1
70 55 1
70 56 1
70 79 1
70 79 1
70 81 1
70 81 1
70 82 0
70 82 0
70 82 1
70 82 1
70 82 1
70 82 1
70 96 1
71 13 0
72 6 0
72 6 1
72 6 1
72 6 0
72 6 1
72 6 1
72 6 1
72 6 1
72 8 0
72 8 1
72 10 1
72 10 0
72 10 1
72 10 1
72 10 1
72 14 0
72 14 1
72 14 0
72 14 1
72 14 1
72 14 1
72 14 0
72 14 1
72 14 1
72 14 1
72 14 1
72 14 0
72 14 1
72 14 0
72 14 1
72 14 1
72 14 1
72 14 1
72 14 1
72 37 1
72 45 0
72 45 1
72 45 0
72 45 0
72 45 0
72 45 0
72 45 0
72 45 0
72 45 1
72 45 0
72 45 1
72 45 0
72 45 0
72 45 1
72 45 0
72 45 0
72 45 0
72 45 0
72 45 1
72 45 0
72 45 0
72 45 0
72 45 0
72 45 0
72 45 0
72 45 0
72 45 0
72 45 0
72 45 0
72 45 1
72 45 0
72 58 0
72 58 1
72 58 0
72 58 0
72 58 0
72 58 0
72 58 0
72 58 0
72 58 1
72 58 0
72 58 1
72 58 0
72 58 0
72 58 1
72 58 0
72 58 0
72 58 0
72 58 0
72 58 1
72 58 0
72 58 0
72 58 0
72 58 0
72 58 0
72 58 0
72 58 0
72 58 0
72 58 0
72 58 0
72 58 1
72 58 0
72 96 0
72 96 0
72 96 0
72 96 1
72 96 1
72 96 1
72 97 1
72 98 0
72 98 0
72 98 0
72 98 0
72 98 1
72 98 0
72 98 0
72 98 0
72 98 0
72 98 1
72 98 0
72 98 0
72 99 0
72 99 1
72 99 1
72 99 1
72 99 0
72 99 1
72 99 1
72 99 1
72 123 0
72 123 0
72 123 1
72 123 1
72 123 1
72 123 0
72 123 0
72 123 0
73 14 1
73 14 0
73 14 1
73 14 1
73 14 1
73 14 0
73 14 0
73 14 0
74 18 0
74 18 0
74 18 0
74 18 0
74 58 0
74 58 0
74 58 0
74 58 0
74 58 0
74 58 0
74 98 0
75 0 1
75 0 1
75 0 1
75 0 1
75 0 1
75 0 1
75 0 1
75 0 1
75 9 1
75 9 1
75 9 1
75 9 1
75 9 1
75 9 1
75 9 1
75 11 1
76 0 1
76 0 1
76 0 1
76 0 1
76 0 1
76 0 1
76 0 0
76 0 0
76 0 0
76 0 1
76 0 1
76 0 1
76 0 1
76 9 1
76 9 1
76 9 1
76 9 1
76 9 1
76 9 1
76 9 1
76 11 0
76 11 0
76 11 0
76 11 1
76 11 1
76 11 1
77 56 1
77 56 0
77 56 1
77 56 0
77 56 1
77 56 1
77 56 1
77 56 0
77 56 1
77 56 1
77 56 1
77 56 1
77 56 1
78 0 1
78 0 0
78 0 1
78 0 1
78 0 1
78 0 1
78 0 1
78 0 1
78 0 1
78 0 0
78 0 1
78 0 1
78 0 1
78 0 1
78 9 1
78 9 0
78 9 1
78 9 1
78 9 1
78 9 1
78 9 1
78 9 1
78 9 1
78 9 1
78 11 0
78 11 1
78 11 1
78 11 1
79 49 1
79 49 0
79 49 0
79 49 1
79 49 1
79 49 1
79 49 1
79 49 1
79 49 1
79 49 1
79 49 1
79 49 1
79 49 1
79 49 0
79 49 0
79 49 1
79 49 1
79 49 1
79 51 1
79 51 0
79 51 0
79 123 0
79 123 0
79 123 0
79 123 0
80 97 0
80 97 1
80 97 1
80 97 0
81 14 0
81 14 0
81 14 1
81 14 1
81 14 1
81 14 0
81 14 1
81 14 1
81 14 1
81 14 1
82 56 1
82 56 0
82 56 1
82 56 0
82 56 1
82 56 1
82 56 1
82 56 1
82 56 1
82 56 1
82 56 1
82 56 1
82 56 1
82 56 0
82 56 1
82 56 1
82 56 0
82 56 1
82 56 1
82 56 1
82 56 1
82 56 0
82 56 1
82 56 1
82 56 1
82 56 1
82 56 1
82 56 1
82 56 0
82 56 1
82 56 1
82 56 1
82 56 1
82 56 1
82 56 1
82 56 1
82 56 1
82 56 0
82 56 0
82 56 1
82 56 1
82 56 1
82 56 1
82 56 1
82 56 1
82 56 1
82 56 1
82 56 0
82 56 1
82 56 1
82 56 0
83 56 1
83 56 0
83 56 1
83 56 1
83 56 1
83 56 1
83 56 1
83 56 1
83 56 1
83 56 1
83 56 1
83 56 1
83 56 1
83 56 1
83 56 1
83 56 1
83 56 0
83 56 0
83 56 0
83 56 1
83 56 0
83 56 1
83 56 0
83 56 1
83 56 1
83 56 1
83 56 1
83 56 1
83 56 1
83 56 1
83 56 1
83 56 1
83 56 1
83 56 1
83 56 1
83 56 1
83 56 1
83 56 1
83 56 0
83 56 1
83 56 1
83 56 1
83 56 1
83 56 1
83 56 1
83 56 1
83 56 1
83 56 1
83 56 1
83 56 1
83 56 1
83 56 1
83 56 1
83 56 0
83 56 1
83 56 1
83 56 1
83 56 1
83 56 1
83 56 1
83 56 1
83 56 1
83 56 1
83 56 1
83 56 1
83 56 1
83 56 1
83 56 1
83 56 1
83 56 1
83 56 1
83 56 1
83 56 1
83 56 1
83 56 1
83 56 1
83 56 1
83 56 1
83 56 1
83 56 1
83 56 1
83 56 1
83 56 1
83 56 1
83 56 1
84 49 1
84 49 1
84 49 1
84 49 1
84 49 0
84 49 1
84 49 0
84 49 0
84 49 0
84 49 1
84 49 1
84 49 0
84 49 1
84 49 0
84 49 1
84 49 0
84 49 0
84 49 1
84 49 0
84 49 1
84 49 0
84 49 0
84 49 0
84 49 0
84 49 0
84 49 0
84 49 0
84 51 1
84 51 0
84 51 0
84 51 0
84 51 0
84 51 0
84 123 0
84 123 0
84 123 0
84 123 0
84 123 0
84 123 0
84 123 0
84 123 0
84 123 0
84 123 1
85 49 1
85 49 0
85 49 0
85 49 0
85 49 0
85 49 0
85 49 1
85 49 1
85 49 1
85 49 1
85 49 1
85 49 1
85 49 0
85 49 1
85 49 0
85 49 1
85 49 1
85 49 1
85 49 0
86 49 1
86 49 1
86 49 1
86 49 1
87 98 0
87 98 1
87 98 1
87 98 0
87 98 0
87 98 1
87 98 1
87 98 1
87 98 0
87 98 0
87 98 0
87 98 0
87 98 1
87 98 1
87 98 1
87 98 1
87 98 0
87 98 1
87 98 1
87 98 1
87 98 0
87 98 1
87 98 0
87 98 0
87 98 0
87 98 1
87 98 0
87 98 0
87 98 0
87 98 1
87 98 1
87 98 1
88 5 0
88 5 0
88 5 0
88 5 0
88 5 1
88 5 0
88 5 1
88 5 1
88 5 1
88 5 0
88 5 0
88 5 0
88 7 0
88 7 0
88 7 1
88 7 0
88 7 1
88 7 0
88 7 1
88 7 0
88 7 0
88 7 0
88 7 1
88 7 0
88 7 1
88 7 1
88 7 1
88 8 0
88 8 0
88 8 0
88 8 0
88 8 0
88 8 0
88 8 0
88 9 0
88 9 1
88 9 1
88 9 1
88 9 0
88 9 0
88 9 1
88 10 1
88 11 0
88 11 1
88 11 1
88 15 0
88 15 0
88 15 0
88 25 0
88 25 0
88 26 0
88 26 0
88 26 1
88 26 0
88 26 1
88 26 1
88 26 1
88 38 0
88 38 1
88 38 0
88 38 1
88 38 1
88 38 1
88 38 1
88 42 1
88 42 0
88 42 1
88 42 1
88 42 1
88 42 1
88 46 1
88 46 1
88 46 1
88 52 0
88 52 1
88 52 1
88 52 1
88 53 1
88 58 0
88 59 0
88 59 1
88 59 1
88 59 0
88 59 0
88 59 1
88 59 1
88 59 0
88 59 0
88 59 0
88 59 1
88 59 1
88 59 1
88 60 0
88 60 0
88 60 0
88 60 0
88 60 0
88 60 0
88 60 0
88 60 1
88 79 0
88 79 0
88 79 0
88 79 0
88 79 1
88 79 1
88 79 1
88 79 0
88 79 0
88 79 1
88 79 1
88 79 0
88 79 1
88 79 0
88 79 0
88 79 1
88 79 0
88 79 0
88 79 0
88 79 1
88 79 1
88 79 0
88 79 0
88 79 1
88 79 1
88 81 0
88 81 1
88 81 1
88 81 1
88 82 0
88 82 0
88 82 1
88 82 0
88 82 0
88 82 1
88 82 0
88 82 1
88 82 1
88 82 0
88 82 1
88 82 1
88 82 1
88 82 1
88 82 1
88 82 1
88 84 0
88 84 1
88 85 1
88 85 1
88 96 1
88 96 0
88 96 1
88 96 0
88 96 0
88 96 1
88 96 1
88 97 0
88 97 1
88 98 0
88 98 1
88 98 1
88 98 1
88 98 0
88 98 0
88 98 0
88 98 0
88 98 0
88 98 0
88 98 0
88 98 0
88 98 0
88 98 1
88 98 0
88 98 0
88 98 0
88 98 1
88 98 1
88 98 0
88 98 0
88 98 1
88 98 0
88 98 0
88 98 1
88 98 1
88 98 0
88 98 1
88 98 1
88 98 1
88 98 0
88 98 0
88 98 1
88 98 1
88 98 0
88 98 1
88 98 1
89 5 0
89 5 0
89 5 0
89 5 1
89 5 1
89 5 0
89 5 0
89 5 0
89 5 1
89 5 1
89 7 1
89 7 0
89 7 1
89 7 1
89 7 1
89 8 0
89 8 0
89 8 0
89 8 0
89 8 0
89 8 0
89 8 0
89 8 0
89 9 1
89 9 1
89 9 0
89 9 0
89 9 0
89 9 0
89 9 0
89 9 1
89 9 0
89 9 0
89 9 0
89 9 1
89 9 1
89 9 1
89 9 1
89 9 0
89 9 0
89 9 0
89 9 1
89 9 1
89 9 0
89 10 0
89 11 0
89 11 1
89 11 0
89 11 0
89 11 1
89 11 1
89 11 0
89 11 0
89 11 0
89 11 0
89 11 1
89 11 1
89 11 1
89 12 0
89 12 1
89 12 0
89 12 0
89 12 0
89 12 1
89 12 1
89 12 1
89 12 1
89 13 0
89 13 0
89 15 0
89 16 0
89 18 0
89 25 0
89 26 0
89 26 0
89 26 0
89 26 0
89 26 0
89 26 0
89 26 0
89 26 0
89 26 0
89 26 1
89 30 0
89 30 0
89 30 0
89 30 0
89 30 1
89 30 1
89 30 1
89 32 1
89 32 0
89 32 0
89 32 1
89 32 0
89 32 0
89 32 0
89 32 0
89 32 1
89 32 0
89 32 0
89 32 0
89 32 1
89 32 1
89 32 1
89 36 0
89 36 0
89 36 0
89 36 0
89 36 0
89 36 0
89 36 1
89 36 0
89 36 1
89 36 0
89 36 1
89 36 1
89 36 1
89 37 0
89 37 1
89 37 1
89 38 0
89 38 0
89 38 0
89 38 0
89 38 1
89 38 1
89 38 1
89 41 0
89 41 0
89 41 0
89 41 0
89 42 0
89 42 0
89 42 1
89 42 1
89 45 0
89 45 0
89 45 1
89 45 0
89 45 1
89 46 0
89 46 0
89 46 0
89 46 0
89 46 0
89 46 0
89 46 0
89 46 0
89 46 0
89 46 1
89 46 0
89 46 0
89 46 1
89 46 1
89 46 1
89 52 0
89 52 1
89 52 1
89 52 1
89 53 0
89 53 0
89 53 0
89 53 0
89 53 0
89 53 1
89 53 1
89 53 1
89 55 0
89 55 0
89 55 1
89 55 0
89 55 0
89 55 1
89 55 1
89 55 0
89 55 1
89 55 1
89 55 1
89 58 0
89 58 0
89 58 0
89 58 0
89 58 0
89 58 0
89 58 0
89 58 1
89 58 0
89 59 0
89 59 1
89 59 0
89 59 1
89 59 0
89 59 0
89 59 1
89 59 1
89 59 1
89 60 0
89 60 0
89 60 0
89 60 1
89 60 1
89 60 1
89 79 0
89 79 0
89 79 1
89 79 1
89 79 1
89 79 1
89 79 0
89 79 1
89 79 1
89 79 1
89 81 0
89 81 1
89 81 1
89 81 1
89 81 0
89 81 0
89 81 1
89 81 1
89 81 1
89 82 0
89 82 1
89 82 1
89 82 1
89 82 1
89 82 1
89 82 0
89 83 0
89 84 0
89 84 0
89 84 0
89 84 0
89 85 0
89 85 1
89 85 0
89 85 0
89 92 0
89 94 0
89 97 1
89 97 1
89 98 0
89 98 1
89 98 0
89 98 1
89 98 0
89 98 0
89 98 0
89 98 0
89 98 0
89 98 0
89 98 0
89 98 1
89 98 0
89 98 0
89 98 0
89 98 1
89 98 0
89 98 0
89 98 1
89 98 1
89 98 0
89 98 0
89 98 1
89 98 1
89 98 1
89 98 0
89 98 0
89 98 0
89 98 1
89 98 1
89 98 0
89 98 0
89 98 1
89 98 0
89 98 0
89 98 0
89 98 1
89 98 1
89 98 0
89 98 1
89 98 0
89 98 1
89 98 0
89 98 1
89 98 1
89 98 1
89 98 0
89 98 0
89 98 1
89 98 0
89 98 0
89 98 0
89 98 1
89 98 1
89 98 0
89 98 0
89 98 0
89 98 1
89 98 1
89 98 1
89 98 0
89 98 1
89 98 1
89 98 1
89 98 0
89 98 1
89 101 1
89 123 0
89 123 0
89 123 0
89 123 1
89 123 0
89 123 1
89 123 1
89 123 0
89 123 0
89 123 0
90 79 1
90 81 1
90 81 0
90 81 0
90 81 1
90 81 0
90 81 0
90 81 1
90 81 0
90 81 1
90 81 1
90 81 0
90 81 0
90 98 0
90 98 1
90 98 1
90 98 1
90 98 0
90 98 1
90 98 1
90 98 1
90 98 0
90 98 0
90 98 1
90 98 0
90 98 0
90 98 1
90 98 1
90 98 1
90 123 1
90 123 1
91 49 1
91 49 1
91 49 0
91 49 1
91 49 1
91 49 1
91 49 1
91 49 1
91 49 0
91 49 1
91 49 1
91 49 1
91 49 1
91 49 1
91 49 1
91 49 1
91 49 0
91 49 1
91 49 0
91 49 1
91 49 1
91 49 0
91 49 1
92 37 1
92 37 1
92 55 1
92 55 1
93 30 0
93 30 1
93 30 1
93 30 1
93 30 0
93 30 0
93 30 1
93 30 1
93 30 1
93 30 0
93 30 0
93 30 0
93 30 1
93 30 1
93 30 0
93 30 1
93 30 1
93 30 1
93 30 0
93 30 0
93 30 0
93 30 0
93 30 0
93 30 1
93 30 1
93 30 1
93 37 1
93 38 0
93 42 1
93 55 1
93 79 0
93 79 0
93 79 0
93 79 1
93 79 0
93 79 1
93 79 0
93 79 1
93 79 1
93 81 1
93 81 1
93 82 0
93 82 1
93 82 1
93 82 1
93 82 1
93 96 1
94 37 1
94 37 1
94 45 0
94 45 1
94 45 1
94 55 0
94 55 1
94 55 1
94 55 1
94 55 1
94 123 0
94 123 1
94 123 0
95 45 1
95 45 0
95 45 1
95 45 0
95 45 0
95 45 0
95 45 1
95 55 1
95 55 0
95 55 1
95 55 0
95 55 0
95 55 0
95 55 1
95 55 1
95 55 1
95 79 1
95 81 1
95 81 1
95 98 1
95 98 1
95 98 0
95 98 1
95 98 1
95 98 1
95 98 0
95 98 1
95 98 1
95 98 1
95 98 0
95 98 1
95 98 1
95 98 1
95 98 0
95 98 0
95 98 1
95 98 1
95 98 0
95 98 1
95 98 1
95 98 1
95 98 1
95 98 1
95 98 1
95 98 1
95 98 1
95 98 0
95 98 1
95 98 1
95 98 1
95 98 1
95 98 1
95 123 0
95 123 1
95 123 1
95 123 0
95 123 1
95 123 1
95 123 1
95 123 0
95 123 1
96 82 1
96 82 1
97 37 1
97 37 1
97 37 1
97 45 0
97 45 1
97 45 0
97 45 1
97 55 0
97 55 1
97 55 1
97 55 0
97 55 1
97 55 1
97 55 1
97 55 1
97 63 0
97 79 1
97 79 1
97 81 1
97 81 1
97 97 0
97 97 0
97 97 0
97 97 0
97 97 0
97 97 1
97 97 0
97 97 1
97 97 1
97 97 1
97 98 1
97 98 0
97 98 1
97 98 1
97 98 1
97 98 1
97 98 0
97 98 1
97 98 1
97 98 0
97 98 0
97 98 1
97 98 1
97 98 0
97 98 0
97 98 1
97 98 0
97 123 0
97 123 1
97 123 0
97 123 1
97 123 0
97 123 0
98 15 0
98 15 0
98 16 0
98 16 0
98 18 0
98 123 0
98 123 0
98 123 0
98 123 0
98 123 1
98 123 1
99 15 1
99 16 1
99 17 1
99 18 1
99 19 1
99 25 0
100 45 1
100 45 1
100 55 1
100 55 1
100 63 0
100 79 1
100 79 1
100 81 1
100 81 1
100 97 0
100 97 1
100 97 1
100 97 0
100 97 0
100 97 1
100 97 1
100 97 1
100 98 1
100 98 0
100 98 0
100 98 1
100 98 1
100 98 1
100 98 1
100 98 1
100 98 1
100 99 1
100 123 1
100 123 0
100 123 1
101 37 1
101 55 1
101 55 1
101 79 0
101 79 1
101 79 1
101 79 1
101 79 1
101 81 1
101 81 1
101 97 1
102 37 1
102 55 1
102 55 1
102 63 1
102 63 1
102 79 1
102 79 0
102 79 1
102 79 0
102 79 1
102 79 0
102 79 1
102 79 1
102 79 1
102 81 1
102 81 1
102 97 0
102 97 0
102 97 0
102 97 0
102 97 0
102 97 0
102 97 0
102 97 1
102 97 0
102 97 0
102 97 1
102 97 1
102 97 1
102 98 1
102 98 1
102 98 1
102 98 0
102 98 1
102 98 1
102 98 1
102 98 1
102 99 1
102 99 0
103 37 1
103 37 1
103 55 1
103 55 1
103 63 1
103 63 1
103 63 1
103 79 1
103 79 1
103 81 1
103 81 1
103 97 1
103 98 1
103 98 1
103 98 1
103 98 1
103 98 1
103 98 1
103 98 1
103 98 0
103 99 1
103 99 1
104 4 0
104 4 1
104 4 1
104 4 1
104 98 0
104 98 1
104 98 0
104 98 1
104 98 1
105 4 1
105 4 1
106 4 1
106 4 1
107 4 0
107 4 1
107 4 1
107 4 1
107 63 0
107 98 0
107 98 0
107 98 1
107 98 1
107 98 0
107 98 0
107 98 0
107 98 0
107 98 1
107 98 1
107 98 1
107 99 1
107 99 0
107 99 0
107 99 1
107 99 1
107 99 1
107 99 0
107 99 1
107 99 1
107 99 1
107 99 1
107 99 0
107 99 1
107 99 0
107 99 1
107 99 0
107 99 1
107 99 1
107 123 0
108 63 1
108 63 0
108 98 1
108 123 1
108 123 1
108 123 1
109 4 0
109 4 1
109 4 1
109 4 1
109 63 0
109 63 0
109 63 0
109 63 0
109 63 0
109 98 0
109 98 0
109 98 0
109 98 1
109 98 0
109 98 0
109 98 0
109 98 0
109 98 0
109 98 0
109 98 0
109 99 0
109 99 1
109 99 0
109 99 1
109 99 0
109 99 1
109 99 0
109 99 1
109 99 0
109 99 1
109 99 0
109 99 1
109 99 1
109 99 1
109 99 0
109 99 1
109 106 0
109 106 0
109 106 0
109 106 0
109 106 0
109 106 0
109 106 1
109 106 0
109 106 1
109 106 0
109 123 0
109 123 1
109 123 1
109 123 1
109 123 1
109 123 1
109 123 1
109 123 0
109 123 1
110 63 1
110 63 1
110 99 0
110 99 1
110 99 0
110 99 1
110 99 1
110 99 1
110 99 1
111 44 0
111 44 0
111 44 1
111 44 1
111 44 1
111 51 0
111 51 0
111 51 0
111 51 0
111 51 1
111 51 1
111 51 0
112 44 0
113 37 1
113 37 1
113 45 0
113 45 1
113 45 1
113 55 1
113 55 0
113 55 1
113 55 1
113 55 1
113 96 1
113 96 1
113 96 0
113 96 0
113 96 1
113 96 1
113 96 0
113 96 1
113 96 1
113 96 1
113 123 1
113 123 1
113 123 1
114 82 1
114 82 1
114 82 0
114 82 1
114 82 1
114 82 1
114 82 1
114 82 1
114 82 0
114 82 1
114 82 1
114 82 1
114 82 1
114 82 1
115 44 0
115 44 1
115 44 1
115 44 0
115 51 0
115 51 1
115 51 1
115 51 0
115 51 1
115 51 0
115 51 1
116 58 1
116 80 0
116 80 0
116 80 0
116 80 0
116 96 1
116 104 1
116 123 0
116 123 1
116 123 0
116 123 0
116 123 0
116 123 0
116 123 0
116 123 0
116 123 0
117 44 0
117 44 1
117 44 1
117 44 0
117 44 1
117 51 1
118 30 1
118 30 1
118 30 1
118 30 1
118 30 1
118 30 1
118 30 1
118 30 1
118 82 0
118 82 1
118 82 0
118 82 1
118 82 1
118 82 1
118 82 1
118 82 1
119 30 0
119 30 0
119 30 0
119 30 0
119 30 1
119 30 0
119 30 1
119 30 1
119 30 0
119 30 0
119 30 0
119 30 1
119 30 1
119 30 1
120 81 1
120 81 1
121 79 0
121 79 0
121 79 0
121 79 0
121 79 0
121 79 0
121 79 0
122 30 1
122 32 0
122 32 1
122 32 1
122 32 1
122 42 1
122 49 0
122 49 1
122 49 1
122 49 0
122 49 1
122 49 1
122 49 1
122 56 1
122 79 1
122 79 1
122 81 1
122 81 0
122 81 1
122 81 1
122 81 1
122 82 0
122 92 0
122 123 0
122 123 1
123 32 0
123 32 1
123 32 1
123 32 0
123 32 1
123 32 1
123 32 1
123 42 1
123 56 0
123 56 1
123 56 1
123 56 1
123 79 0
123 79 1
123 79 1
123 79 0
123 79 1
123 79 1
123 79 0
123 79 0
123 81 1
123 81 1
123 82 0
124 6 1
124 6 1
124 10 1
124 10 1
124 82 1
125 41 0
125 41 1
125 41 0
125 41 0
125 41 1
125 41 1
125 41 1
125 42 1
125 80 1
125 82 1
126 44 0
126 44 0
126 49 1
126 49 1
126 49 1
126 49 1
126 49 1
126 49 0
126 49 1
126 49 1
126 49 1
126 49 1
126 49 1
126 49 0
126 49 0
126 49 0
126 49 0
126 49 0
126 49 0
126 49 0
126 49 1
126 49 0
126 49 1
126 49 0
126 49 0
126 49 1
126 49 0
126 49 1
126 49 1
126 49 1
126 51 1
126 51 0
126 51 0
126 51 0
126 51 0
126 51 0
126 123 0
126 123 0
126 123 0
126 123 0
126 123 0
126 123 0
126 123 1
126 123 0
126 123 0
126 123 0
127 6 0
127 6 1
127 6 1
127 6 1
127 6 1
127 6 1
127 11 1
127 11 1
127 12 0
127 13 1
127 13 0
127 14 0
127 14 1
127 14 1
127 14 1
127 17 1
127 20 1
127 20 1
127 21 1
127 21 1
127 29 1
127 32 1
127 32 1
127 32 1
127 32 1
127 33 1
127 33 1
127 33 1
127 33 1
127 33 1
127 33 1
127 33 1
127 34 1
127 34 1
127 34 1
127 36 0
127 36 0
127 36 0
127 36 1
127 36 0
127 36 1
127 36 1
127 36 1
127 37 1
127 37 1
127 37 1
127 39 1
127 39 1
127 39 1
127 39 1
127 39 1
127 40 1
127 40 1
127 42 0
127 42 0
127 42 1
127 42 1
127 42 0
127 42 0
127 42 0
127 42 1
127 46 1
127 46 1
127 46 1
127 46 1
127 46 1
127 46 1
127 55 1
127 55 1
127 79 1
127 79 1
127 79 1
127 80 0
127 80 0
127 80 1
127 80 1
127 80 1
127 80 1
127 80 1
127 81 1
127 81 1
127 81 1
127 81 1
127 81 1
127 82 0
127 82 1
127 82 1
127 82 1
127 82 1
127 85 1
127 96 0
127 96 1
127 96 0
127 96 1
127 96 0
127 96 1
127 96 0
127 119 1
127 123 1
127 123 0
127 123 1
127 123 0
127 123 1
127 123 1
127 123 1
127 123 0
127 123 1
127 123 1
127 123 0
127 123 1
127 123 0
127 123 1
128 17 1
128 36 1
128 37 1
128 42 1
128 58 1
128 79 1
128 79 1
128 79 1
128 80 1
128 80 1
128 81 1
128 81 1
128 81 1
128 82 1
128 82 1
129 2 0
129 5 0
129 5 0
129 5 0
129 5 0
129 6 0
129 6 1
129 6 0
129 6 1
129 6 0
129 8 0
129 8 0
129 8 1
129 8 0
129 8 1
129 8 0
129 10 0
129 11 0
129 11 0
129 13 0
129 13 0
129 17 1
129 30 0
129 30 1
129 30 1
129 30 1
129 30 1
129 30 0
129 30 0
129 32 0
129 32 1
129 32 0
129 32 1
129 32 1
129 32 1
129 33 0
129 33 0
129 37 1
129 37 0
129 37 0
129 37 1
129 37 1
129 37 1
129 37 1
129 37 1
129 42 0
129 42 0
129 42 0
129 45 0
129 45 1
129 45 1
129 55 1
129 55 0
129 55 0
129 55 0
129 55 1
129 55 1
129 58 0
129 79 0
129 79 0
129 79 1
129 79 1
129 79 0
129 79 1
129 79 0
129 79 0
129 79 0
129 79 1
129 79 1
129 79 1
129 80 0
129 80 0
129 80 1
129 80 1
129 81 0
129 81 1
129 81 0
129 81 0
129 81 0
129 81 1
129 82 0
129 82 1
129 82 1
129 82 1
129 82 1
129 123 1
129 123 0
129 123 1
129 123 1
129 123 1
129 123 0
129 123 1
129 123 0
129 123 0
129 123 1
129 123 0
129 123 0
129 123 0
129 123 0
129 123 0
129 123 1
129 123 0
129 123 1
129 123 0
129 123 1
129 123 1
129 123 1
129 123 0
129 123 1
129 123 1
129 123 1
129 123 1
129 123 1
129 123 1
129 123 0
129 123 1
129 123 1
129 123 1
129 123 1
129 123 0
129 123 1
129 123 1
129 123 1
129 123 1
129 123 1
129 123 1
129 123 1
129 123 1
130 14 0
130 14 0
130 14 0
130 14 0
130 14 0
130 14 0
131 99 1
131 99 1
131 99 0
131 99 1
131 99 1
131 99 1
132 49 1
133 5 1
133 5 1
133 5 1
133 5 1
133 5 1
133 5 1
133 5 1
133 5 1
133 5 1
133 5 1
133 5 1
133 5 1
133 5 1
133 5 1
133 5 1
133 6 1
133 6 1
133 6 1
133 6 1
133 6 0
133 6 1
133 6 1
133 6 0
133 6 1
133 6 1
133 6 0
133 6 1
133 6 1
133 6 1
133 6 1
133 6 1
133 6 1
133 8 1
133 8 1
133 8 1
133 8 1
133 10 1
133 10 1
133 10 1
133 10 1
133 11 1
133 11 1
133 11 1
133 11 1
133 11 1
133 11 1
133 11 1
133 14 1
133 14 1
133 14 1
133 14 0
133 14 1
133 14 1
133 14 1
133 14 1
133 17 0
133 18 1
133 18 1
133 18 1
133 18 1
133 18 1
133 18 1
133 18 1
133 18 1
133 18 1
133 19 1
133 19 1
133 19 1
133 30 0
133 30 0
133 30 1
133 30 1
133 30 1
133 30 1
133 30 1
133 30 1
133 30 1
133 30 1
133 30 1
133 30 1
133 30 0
133 30 1
133 30 1
133 30 0
133 30 1
133 30 1
133 30 1
133 30 1
133 30 1
133 30 1
133 30 1
133 30 1
133 30 1
133 30 1
133 30 1
133 30 1
133 30 1
133 30 0
133 30 1
133 30 1
133 30 1
133 30 1
133 30 1
133 30 1
133 30 1
133 30 1
133 30 0
133 30 1
133 30 1
133 30 1
133 30 1
133 30 0
133 30 1
133 30 0
133 30 1
133 30 1
133 30 1
133 30 1
133 30 1
133 30 1
133 30 1
133 30 1
133 30 1
133 30 1
133 30 1
133 30 1
133 30 0