1 82 36 0
1 82 87 0
1 82 44 0
1 82 93 0
1 82 37 0
1 82 28 0
1 82 85 0
2 6 36 1
2 6 73 1
2 6 14 0
2 6 34 1
2 6 5 1
2 6 60 1
2 8 82 1
2 8 62 1
2 11 82 0
2 11 89 1
2 11 25 1
2 11 20 1
2 13 92 1
2 13 42 1
2 25 61 0
2 25 85 1
2 25 96 0
2 25 42 1
2 25 77 1
2 25 43 1
2 26 17 1
2 29 81 1
2 29 45 1
2 29 88 1
2 29 46 1
2 29 25 1
2 30 33 1
2 30 70 0
2 30 8 0
2 30 6 1
2 30 68 1
2 30 50 1
2 30 27 0
2 30 99 0
2 30 26 1
2 30 14 0
2 30 39 1
2 30 19 1
2 30 70 1
2 30 52 1
2 33 85 1
2 33 96 1
2 33 90 1
2 33 41 1
2 33 19 1
2 34 4 0
2 34 85 0
2 35 91 0
2 35 27 0
2 36 21 1
2 36 60 1
2 37 91 1
2 37 71 1
2 37 1 1
2 37 24 1
2 37 38 1
2 37 74 1
2 37 5 1
2 37 37 1
2 37 90 1
2 37 6 1
2 44 22 1
2 45 5 1
2 46 74 0
2 46 53 0
2 48 21 0
2 48 59 1
2 48 6 1
2 48 52 1
2 55 66 1
2 79 9 1
2 79 48 1
2 79 57 1
2 79 17 1
2 80 14 1
2 80 60 1
2 81 24 1
2 81 90 1
2 81 96 0
2 81 26 1
2 81 8 1
2 81 73 1
2 81 7 1
2 81 37 1
2 82 64 1
2 82 74 1
2 82 20 1
2 82 22 0
2 82 2 1
2 82 45 1
2 82 38 1
2 86 51 0
2 86 22 1
2 86 70 0
2 86 24 1
2 86 2 1
2 86 61 0
2 86 7 1
2 86 54 1
2 86 38 1
2 86 7 1
2 86 39 1
2 86 94 1
2 89 47 1
2 99 44 0
2 99 83 1
2 99 18 1
2 99 70 1
2 99 8 0
2 99 67 1
2 99 97 1
2 99 61 1
2 99 52 1
2 99 43 0
2 99 48 1
2 103 45 1
2 123 12 1
2 123 11 1
2 123 82 1
2 123 27 1
2 123 33 1
3 98 27 1
3 98 19 1
3 98 72 1
3 98 89 0
3 98 13 1
4 30 34 1
4 30 43 1
4 30 25 0
4 30 33 1
4 30 62 0
4 30 82 1
4 30 30 1
4 30 89 1
4 30 71 1
4 30 7 1
4 30 82 1
4 30 73 0
4 30 71 0
4 30 48 0
4 33 62 1
4 33 13 1
4 33 51 1
4 33 22 0
4 33 52 1
4 33 89 1
4 33 40 1
4 33 8 1
4 33 65 1
4 123 24 1
5 42 73 0
5 42 99 0
5 42 41 0
5 42 28 0
5 42 86 0
5 42 66 0
5 82 77 0
5 82 69 0
5 82 33 1
5 82 54 1
5 82 96 0
5 82 96 1
5 82 88 1
5 82 97 0
5 82 61 0
6 0 95 1
6 0 43 1
6 9 41 1
6 11 96 1
6 12 46 1
6 12 90 1
6 12 23 1
6 12 70 1
6 12 33 1
6 12 2 0
6 12 76 0
6 12 46 1
6 12 52 1
6 12 82 1
6 13 95 1
6 13 55 0
6 13 68 0
6 13 84 1
6 13 73 1
6 13 2 1
6 13 8 1
6 13 27 1
6 14 36 1
6 14 86 1
6 14 81 1
6 14 72 1
6 14 51 1
7 0 7 1
7 0 62 1
7 9 68 1
7 11 63 1
7 12 39 1
7 12 61 1
7 12 18 1
7 12 15 1
7 12 36 1
7 12 70 1
7 13 24 1
7 13 43 1
7 13 92 0
7 14 89 1
7 14 13 1
7 14 73 1
7 14 71 1
7 14 70 1
8 18 43 1
8 18 15 1
8 82 63 0
8 82 2 1
8 82 25 1
8 84 28 0
9 0 99 1
9 0 2 1
9 9 88 1
9 11 93 1
9 12 21 1
9 12 27 1
9 12 44 1
9 12 99 0
9 12 65 1
9 12 56 1
9 12 95 1
9 12 89 1
9 12 47 1
9 14 83 1
9 14 32 0
9 14 11 1
9 14 67 1
9 14 17 1
9 14 89 1
9 14 61 1
10 0 80 1
10 0 12 1
10 9 47 1
10 9 94 1
10 12 90 1
10 12 53 1
10 12 67 1
10 12 79 1
10 12 19 1
10 14 6 1
10 14 63 1
10 14 59 1
10 14 30 1
10 14 77 1
11 0 9 1
11 0 11 1
11 11 9 1
11 11 15 1
12 0 76 1
12 0 40 1
12 9 13 1
12 11 19 1
12 12 89 1
12 12 35 1
12 12 79 0
12 12 37 1
12 12 39 1
12 12 73 1
12 12 21 1
12 12 66 1
12 12 63 1
12 12 19 1
12 12 85 1
12 12 30 1
12 13 88 1
12 13 44 1
12 13 25 1
12 13 7 1
12 13 32 0
12 13 55 1
12 13 87 1
12 13 22 0
12 13 10 1
12 13 77 1
12 14 11 1
12 14 45 1
12 14 26 1
12 14 94 1
12 14 1 1
13 0 59 1
13 0 37 1
13 9 4 1
13 11 1 1
13 12 81 1
13 12 77 1
13 12 77 1
13 12 64 1
13 12 59 1
13 14 81 1
13 14 82 1
13 14 85 1
13 14 29 1
13 14 56 1
14 82 39 0
14 82 68 0
14 82 35 0
14 82 56 1
14 82 3 0
14 82 60 1
14 82 94 0
15 5 88 1
15 5 3 0
15 5 8 1
15 5 53 0
15 5 17 1
15 5 73 0
15 5 93 1
15 5 16 0
15 5 85 1
15 5 30 1
15 5 28 1
15 5 97 1
15 7 63 1
15 7 15 1
15 7 50 0
15 7 86 1
15 7 48 0
15 7 13 1
15 7 76 1
15 7 72 1
15 8 85 0
15 8 80 0
15 8 65 0
15 8 60 0
15 8 57 0
15 9 85 0
15 9 99 0
15 9 90 1
15 9 7 0
15 9 47 1
15 9 93 1
15 9 1 1
15 9 61 0
15 10 19 1
15 10 61 1
15 11 15 1
15 11 65 1
15 11 27 1
15 11 64 1
15 11 62 1
15 11 57 1
15 11 16 1
15 11 66 1
15 11 37 1
15 56 7 1
15 56 90 1
15 56 66 1
15 61 60 0
15 61 89 1
15 61 70 0
15 61 36 0
15 62 46 0
15 62 7 0
15 62 56 0
15 62 2 1
15 66 1 0
15 66 90 0
15 66 99 0
15 66 53 0
15 98 37 1
15 98 91 1
15 98 94 1
15 98 41 0
15 98 95 1
15 98 17 1
15 98 65 0
15 98 56 1
15 98 82 0
15 98 93 1
15 98 72 1
15 98 39 1
15 98 9 0
15 98 4 1
15 98 67 1
15 98 74 1
15 98 39 1
15 98 50 1
15 98 30 1
15 106 45 0
15 106 27 0
15 106 67 0
15 106 85 0
15 106 70 0
15 106 35 0
15 106 78 0
15 106 43 0
15 106 8 0
15 106 57 0
15 106 35 1
15 106 82 0
15 106 17 0
15 106 16 0
16 56 46 1
16 56 20 1
16 56 74 1
16 61 1 0
16 61 61 1
16 62 70 0
16 62 41 0
16 66 50 0
16 66 3 0
16 98 3 0
16 98 53 1
16 98 26 1
16 98 52 1
16 98 83 0
16 98 77 1
16 98 86 1
16 98 23 1
16 98 21 0
16 98 94 0
16 106 79 0
16 106 7 0
16 106 7 1
16 106 97 0
16 106 61 0
16 106 32 0
16 106 18 1
16 106 2 1
16 106 95 0
16 106 11 0
16 106 53 1
16 106 85 1
16 106 94 0
16 106 90 0
16 106 2 1
16 106 1 1
16 106 79 0
16 106 57 0
16 106 45 1
16 106 87 1
16 106 94 0
16 106 38 0
16 106 74 1
16 106 36 1
16 106 27 0
16 106 36 0
16 106 33 1
16 106 12 1
16 106 31 0
16 106 10 0
16 106 70 1
16 106 47 1
16 106 5 1
16 106 39 0
16 106 8 0
16 106 16 0
16 106 39 0
16 106 62 1
17 37 25 1
17 37 9 0
17 37 84 1
17 37 30 1
17 45 62 1
17 55 92 1
17 55 33 0
17 55 13 1
17 55 97 1
17 55 43 1
17 56 95 0
17 79 31 0
17 79 22 0
17 79 33 0
17 79 99 0
17 79 3 0
17 79 46 0
17 79 74 0
17 80 52 1
17 82 65 0
17 82 28 0
17 82 88 0
17 82 21 0
17 82 7 0
17 82 29 0
17 82 83 0
17 123 75 0
17 123 97 1
17 123 52 1
18 37 17 1
18 45 39 0
18 45 56 1
18 45 4 0
18 45 4 1
18 45 78 1
18 55 73 0
18 55 44 1
18 55 44 1
18 55 69 1
18 55 70 0
18 55 20 1
18 55 87 1
18 55 80 1
18 79 34 0
18 79 28 0
18 79 49 0
18 79 32 1
18 79 77 0
18 79 98 1
18 79 98 0
18 80 65 0
18 80 23 0
18 80 3 0
18 80 7 0
18 80 96 0
18 82 84 0
18 82 79 0
18 82 86 1
18 82 33 0
18 123 18 0
18 123 36 1
18 123 87 1
18 123 65 1
18 123 23 1
18 123 28 1
18 123 35 0
18 123 29 0
18 123 60 0
18 123 16 1
18 123 33 0
18 123 67 0
18 123 71 1
18 123 41 0
18 123 89 1
18 123 83 1
18 123 90 1
18 123 70 1
18 123 99 1
18 123 33 0
19 14 98 0
19 37 84 1
19 45 27 0
19 45 93 1
19 45 33 0
19 45 37 1
19 45 11 0
19 55 7 0
19 55 29 1
19 55 69 1
19 55 53 1
19 55 96 0
19 55 53 1
19 55 81 0
19 55 40 1
19 55 76 0
19 79 59 0
19 80 13 0
19 80 65 1
19 123 86 1
19 123 3 1
19 123 70 0
19 123 31 1
19 123 95 1
19 123 58 1
19 123 84 1
19 123 41 1
19 123 32 1
19 123 45 1
19 123 70 0
19 123 64 1
19 123 15 0
19 123 84 1
19 123 34 0
20 30 94 0
20 30 42 1
20 30 31 1
20 30 47 1
20 30 66 0
20 32 94 0
20 32 73 1
20 32 35 0
20 32 61 0
20 32 80 1
20 32 38 1
20 32 97 1
20 37 42 0
20 37 20 1
20 37 31 0
20 37 31 1
20 45 31 0
20 45 76 1
20 45 95 1
20 45 2 1
20 55 55 0
20 55 89 1
20 55 64 1
20 55 77 1
20 55 90 0
20 55 74 1
20 55 21 0
20 55 32 1
20 55 23 1
20 79 81 1
20 80 6 0
20 80 1 0
20 80 86 0
20 80 92 0
20 80 41 0
20 123 54 0
20 123 2 0
20 123 25 1
20 123 4 1
20 123 33 1
20 123 76 0
20 123 59 1
20 123 67 1
20 123 50 0
20 123 45 1
20 123 94 1
20 123 93 0
20 123 71 1
20 123 61 1
20 123 15 0
20 123 73 1
20 123 74 0
20 123 34 0
20 123 93 1
20 123 40 0
20 123 84 0
20 123 86 1
20 123 12 0
21 5 81 0
21 6 3 0
21 6 58 0
21 7 18 0
21 7 68 0
21 7 46 0
21 7 4 1
21 7 87 1
21 7 82 0
21 7 52 0
21 7 70 0
21 7 70 1
21 7 60 1
21 7 4 1
21 8 87 0
21 8 8 0
21 8 52 0
21 8 22 0
21 9 49 0
21 9 88 0
21 9 89 0
21 9 81 0
21 9 39 0
21 9 60 0
21 14 20 1
21 14 3 0
21 30 61 0
21 30 58 0
21 30 87 0
21 30 29 0
21 30 61 0
21 30 74 0
21 30 81 1
21 30 7 0
21 30 78 0
21 30 96 0
21 30 97 0
21 30 83 0
21 30 97 0
21 30 79 0
21 30 87 0
21 30 24 0
21 30 98 0
21 30 61 0
21 30 1 0
21 32 95 0
21 32 99 0
21 32 47 0
21 32 44 0
21 32 13 0
21 32 63 0
21 32 20 0
21 37 83 1
21 38 86 0
21 38 30 0
21 38 51 0
21 38 9 0
21 38 3 0
21 38 56 0
21 38 36 0
21 45 82 1
21 53 97 0
21 53 33 0
21 53 28 0
21 53 65 0
21 53 14 0
21 53 55 0
21 53 43 0
21 53 49 0
21 53 6 0
21 53 32 0
21 55 75 1
21 55 81 1
21 56 36 0
21 56 61 0
21 56 80 0
21 56 80 1
21 56 7 1
21 58 73 1
21 59 10 0
21 79 93 0
21 79 56 0
21 79 30 1
21 79 73 1
21 79 1 1
21 80 72 1
21 81 75 1
21 81 93 1
21 82 43 0
21 82 95 0
21 82 92 0
21 82 77 0
21 82 96 0
21 82 25 0
21 82 13 0
21 82 56 0
21 82 54 0
21 98 89 0
21 98 8 1
21 98 26 0
21 98 59 0
21 98 18 1
21 98 34 1
21 98 85 1
21 123 5 0
21 123 79 0
21 123 40 0
21 123 90 1
21 123 3 0
21 123 14 0
21 123 76 0
21 123 73 0
21 123 20 0
21 123 33 1
21 123 94 0
22 6 25 1
22 6 35 1
22 6 90 1
22 6 41 1
22 8 71 1
22 8 85 1
22 10 2 1
22 10 89 1
22 14 14 0
22 14 47 0
22 14 89 1
22 14 14 1
22 14 90 0
22 14 8 0
22 14 62 0
22 14 25 0
22 14 25 0
22 14 26 0
22 14 77 1
22 14 95 1
22 14 58 0
22 14 52 0
22 14 45 0
22 14 55 1
22 14 63 1
22 14 43 1
22 14 80 1
22 14 53 0
22 14 45 0
22 14 21 0
22 27 81 0
22 30 27 0
22 30 84 1
22 30 41 1
22 30 77 1
22 30 42 0
22 30 18 1
22 30 87 1
22 30 97 1
22 32 5 0
22 32 28 0
22 32 51 0
22 32 99 0
22 32 77 0
22 32 19 1
22 32 50 0
22 45 89 0
22 45 40 0
22 45 1 0
22 45 62 0
22 45 18 0
22 45 79 0
22 45 50 0
22 45 82 0
22 45 80 0
22 45 31 0
22 45 57 0
22 45 54 0
22 45 9 0
22 45 51 0
22 45 72 0
22 45 90 0
22 45 28 0
22 45 14 0
22 45 73 0
22 45 14 0
22 58 79 0
22 58 98 0
22 58 92 0
22 58 64 0
22 58 53 0
22 58 76 0
22 58 13 0
22 58 17 0
22 58 70 0
22 58 15 0
22 58 54 0
22 58 8 0
22 58 35 0
22 58 19 0
22 58 44 0
22 58 10 0
22 58 20 0
22 58 26 0
22 58 92 0
22 58 42 0
22 58 53 0
22 58 22 0
22 58 95 0
22 58 28 0
22 58 35 0
22 58 32 0
22 58 71 0
22 96 84 0
22 96 7 0
22 96 4 0
22 96 64 0
22 96 89 0
22 96 69 0
22 96 31 0
22 96 74 0
22 96 44 0
22 96 40 0
22 96 40 0
22 96 51 0
22 96 68 0
22 96 56 1
22 96 82 0
22 96 59 1
22 97 96 0
22 97 63 0
22 97 39 0
22 98 48 0
22 98 80 0
22 98 22 0
22 98 16 0
22 98 37 0
22 98 21 0
22 98 62 0
22 123 50 0
22 123 17 0
22 123 62 0
23 30 16 0
23 30 55 0
23 30 91 0
23 98 2 0
23 98 17 0
23 98 75 0
23 98 98 0
23 98 92 0
23 98 66 0
24 6 82 1
24 6 96 0
24 6 81 0
24 6 50 1
24 6 6 1
24 6 52 1
24 6 41 1
24 6 78 0
24 6 97 1
24 6 50 1
24 6 81 1
24 6 52 1
24 8 43 1
24 8 11 0
24 8 84 0
24 8 51 1
24 8 98 1
24 8 46 1
24 8 82 1
24 10 79 0
24 10 29 1
24 10 43 1
24 10 5 1
24 14 88 1
24 14 2 1
24 14 86 0
24 14 66 1
24 14 92 1
24 14 17 0
24 14 46 1
24 14 27 1
24 14 17 1
24 14 21 1
24 14 47 1
24 18 88 1
24 19 37 1
24 27 80 1
24 30 44 0
24 30 62 1
24 30 94 1
24 30 89 1
24 30 65 0
24 30 57 1
24 30 58 0
24 30 33 1
24 30 80 1
24 30 70 1
24 32 91 1
24 37 60 1
24 45 27 0
24 45 84 0
24 45 58 1
24 45 6 1
24 45 21 1
24 45 97 1
24 45 42 1
24 45 99 1
24 45 15 1
24 45 43 1
24 45 27 1
24 45 65 1
24 45 82 1
24 58 48 0
24 58 24 1
24 58 81 0
24 58 82 0
24 58 28 1
24 58 24 1
24 58 84 1
24 58 92 1
24 58 50 1
24 58 20 1
24 58 17 1
24 58 97 1
24 58 17 1
24 58 21 1
24 58 25 1
24 58 94 1
24 59 83 0
24 59 77 0
24 59 22 0
24 59 91 0
24 81 74 0
24 81 67 0
24 81 97 0
24 81 77 1
24 81 51 0
24 81 18 1
24 81 60 1
24 81 9 0
24 81 99 1
24 81 71 1
24 81 92 1
24 96 63 1
24 96 58 0
24 96 59 0
24 96 21 0
24 96 67 1
24 96 20 1
24 96 17 1
24 98 44 0
24 98 52 0
24 98 64 0
24 98 27 0
24 98 58 0
24 98 70 0
24 98 53 0
24 98 90 1
24 98 44 0
24 98 36 0
24 98 7 0
24 98 46 0
24 98 11 1
24 98 99 1
24 98 15 0
24 98 82 1
24 98 67 0
24 98 98 0
24 98 77 1
24 98 76 0
24 103 99 0
24 103 55 0
24 123 58 1
24 123 25 1
24 123 42 1
24 123 89 0
24 123 82 0
24 123 48 1
24 123 86 1
24 123 5 1
24 123 91 1
24 123 23 1
24 123 11 0
24 123 58 0
24 123 31 1
24 123 13 1
24 123 3 0
24 123 55 1
24 123 9 0
24 123 12 1
25 9 37 0
25 11 62 1
25 79 89 0
25 79 13 1
25 79 43 1
25 79 8 1
26 18 41 1
26 20 75 1
26 20 2 1
26 20 59 0
26 20 44 1
26 20 59 1
26 20 4 1
26 21 70 1
26 25 56 0
26 25 86 1
26 25 27 0
26 25 3 1
26 25 60 0
26 25 11 1
26 25 25 1
26 25 58 1
26 25 26 1
26 38 68 1
26 41 94 1
26 41 65 1
26 41 37 0
26 41 7 1
26 41 86 1
26 41 68 1
26 44 23 1
26 47 23 0
26 47 96 0
26 47 79 1
26 47 57 1
26 47 22 1
26 48 6 1
26 48 32 1
26 48 80 1
26 53 62 1
26 53 99 1
26 53 8 0
26 53 60 1
26 53 14 1
26 53 42 1
26 67 19 1
26 81 43 1
26 81 25 1
26 81 33 1
26 81 60 1
26 81 74 1
26 81 7 1
26 82 68 1
26 82 46 1
26 82 23 1
26 82 20 1
26 82 17 1
26 82 95 1
26 123 73 1
26 123 77 1
26 123 66 1
27 0 25 1
27 0 48 1
27 0 36 1
27 0 41 1
27 0 47 1
27 0 94 1
27 0 10 1
27 0 29 1
27 9 4 1
27 9 58 1
27 9 93 1
27 9 24 1
27 9 53 1
27 9 17 1
27 9 38 1
27 11 19 1
28 46 57 0
29 46 10 0
29 46 16 1
29 46 86 1
29 46 15 1
29 46 59 1
29 46 65 1
29 97 76 0
29 123 9 0
29 123 20 0
29 123 4 1
30 98 26 1
30 98 23 1
30 98 6 0
30 98 85 0
30 98 70 0
30 98 22 0
30 98 47 1
30 98 14 1
30 98 52 0
30 98 36 0
30 98 40 0
30 98 48 0
30 98 71 0
30 98 14 0
30 98 88 1
30 98 51 0
30 98 48 1
30 98 98 1
30 98 84 1
30 98 85 0
30 98 17 1
30 98 44 0
30 98 51 1
30 98 23 0
30 98 72 0
30 98 57 0
30 98 40 0
30 98 96 1
30 98 89 0
30 98 77 1
31 119 74 1
32 59 60 1
32 59 69 1
32 59 27 1
32 59 15 0
32 59 90 1
32 59 59 0
32 59 42 1
32 59 10 1
33 1 86 0
33 38 87 0
33 38 23 0
33 38 2 1
33 38 75 1
33 38 37 1
33 38 43 1
33 38 39 1
33 42 68 0
33 42 24 1
33 42 41 0
33 42 83 0
33 42 11 1
33 42 61 1
33 42 97 0
33 42 3 1
33 42 29 1
33 42 8 1
33 42 24 0
33 42 93 1
33 42 44 0
33 42 68 0
33 42 78 1
33 42 62 1
33 42 13 1
33 42 2 1
33 42 83 1
33 44 86 0
33 48 49 1
33 48 96 0
33 48 95 0
33 49 27 0
33 49 98 0
33 78 28 0
33 78 56 1
33 78 39 1
33 78 42 1
33 78 21 0
33 78 80 0
33 78 10 1
33 78 24 0
33 78 93 1
33 78 93 0
33 78 94 1
33 78 39 0
33 78 14 0
33 78 86 0
33 78 60 1
33 78 25 0
33 78 59 1
33 78 99 1
33 78 23 1
33 78 80 1
33 78 55 1
33 80 88 0
33 80 37 0
33 80 40 0
33 80 4 0
33 80 41 0
33 80 17 1
33 80 13 1
33 80 3 1
33 80 56 1
33 80 75 1
33 82 10 0
33 82 6 1
33 82 95 1
33 82 91 1
33 82 17 1
33 82 11 1
33 123 35 0
33 123 32 1
33 123 12 1
33 123 29 0
33 123 75 1
33 123 80 1
33 123 48 0
33 123 24 1
33 123 15 0
33 123 78 1
33 123 32 1
33 123 10 0
33 123 92 0
33 123 73 0
33 123 14 1
33 123 17 1
34 5 55 1
34 6 64 0
34 6 39 1
34 6 10 1
34 6 7 1
34 6 58 1
34 6 7 1
34 6 30 1
34 6 73 1
34 6 99 1
34 8 19 1
34 8 73 1
34 9 68 0
34 10 42 1
34 10 66 1
34 10 30 1
34 11 95 1
34 11 11 1
34 14 76 1
34 14 15 1
34 18 3 1
34 30 40 1
34 33 17 1
34 33 81 1
34 33 41 1
34 33 42 1
34 33 46 1
34 87 62 1
34 88 43 1
34 91 88 0
34 91 8 0
34 91 13 0
34 92 5 0
34 93 18 0
34 94 26 0
34 94 11 1
34 94 45 0
34 94 21 1
34 94 48 1
34 101 36 0
34 123 65 1
34 123 11 0
35 38 51 0
35 38 2 0
35 38 16 0
35 38 29 0
35 38 29 0
35 38 90 0
35 38 56 0
35 38 9 0
35 42 27 0
35 42 24 0
35 78 95 1
35 78 87 1
35 78 74 1
35 78 54 1
35 78 58 1
35 80 60 0
35 80 89 0
35 80 22 0
35 80 84 0
35 80 44 0
35 80 97 0
35 80 30 0
35 80 77 0
35 80 77 0
35 80 29 0
35 80 27 1
35 80 34 0
35 80 2 1
35 80 58 1
35 80 80 0
35 80 14 1
35 80 74 0
35 80 45 1
35 80 90 1
35 80 90 1
35 80 3 0
35 80 22 0
35 82 50 0
35 82 97 0
35 82 8 0
35 82 77 0
35 82 73 0
35 82 9 0
35 82 17 1
35 82 33 1
35 82 57 1
35 82 47 0
35 82 20 1
35 82 61 0
35 82 2 1
35 82 78 0
35 82 78 1
35 82 85 1
35 82 90 1
35 82 6 0
35 82 79 1
35 82 49 1
35 82 50 1
35 82 24 1
35 82 81 1
35 123 3 0
35 123 74 0
35 123 25 1
35 123 68 0
35 123 16 0
35 123 32 0
35 123 54 0
35 123 26 0
35 123 60 1
35 123 18 1
35 123 19 1
35 123 58 1
35 123 14 0
35 123 73 1
35 123 58 1
35 123 85 0
35 123 64 1
35 123 83 1
35 123 64 0
35 123 32 0
35 123 44 0
35 123 85 0
35 123 3 0
35 123 86 1
35 123 52 0
35 123 22 0
35 123 70 0
35 123 44 1
35 123 92 1
35 123 73 1
35 123 14 0
35 123 71 0
35 123 16 0
35 123 8 0
35 123 70 0
35 123 64 0
35 123 78 0
35 123 64 0
35 123 95 0
35 123 18 1
35 123 50 1
35 123 66 1
35 123 66 1
36 38 87 0
36 80 53 0
36 80 15 0
36 80 6 0
36 80 85 0
36 80 15 0
36 80 89 0
36 80 4 0
36 80 98 0
36 80 88 0
36 80 86 0
36 80 89 0
36 80 24 0
36 80 6 0
36 80 2 0
36 80 83 0
36 80 78 0
36 80 61 0
36 80 86 0
36 80 87 0
36 80 62 0
36 80 99 0
36 80 75 0
36 80 64 0
36 80 52 0
36 80 77 0
36 80 10 0
36 80 26 1
36 80 23 0
36 80 59 0
36 80 49 0
36 82 98 0
36 82 55 1
36 82 67 0
36 82 41 1
36 82 97 1
36 82 25 1
36 82 2 1
36 82 19 0
36 82 65 1
36 123 88 0
36 123 45 0
36 123 10 0
36 123 74 0
36 123 20 0
36 123 98 0
36 123 54 0
36 123 96 1
36 123 4 1
36 123 38 0
36 123 48 1
36 123 88 0
36 123 83 0
36 123 38 1
36 123 27 1
36 123 3 1
36 123 87 0
36 123 17 0
36 123 41 0
36 123 1 1
36 123 65 0
36 123 87 0
36 123 32 0
36 123 51 0
36 123 71 0
36 123 41 0
36 123 64 1
36 123 66 0
36 123 58 1
36 123 76 0
36 123 37 0
36 123 70 0
36 123 99 0
36 123 8 0
36 123 29 0
36 123 27 0
36 123 28 0
36 123 58 0
36 123 71 0
36 123 27 0
36 123 45 0
36 123 74 0
36 123 77 0
36 123 98 1
36 123 78 0
36 123 37 0
36 123 38 1
36 123 45 0
36 123 56 0
36 123 72 0
36 123 87 0
36 123 4 0
36 123 93 0
36 123 21 0
36 123 32 0
36 123 10 0
36 123 37 0
36 123 1 0
36 123 69 0
36 123 83 0
36 123 27 0
36 123 13 1
36 123 91 0
36 123 23 0
36 123 24 0
36 123 16 0
36 123 64 0
36 123 80 0
36 123 44 0
36 123 10 0
36 123 99 0
36 123 62 0
36 123 70 0
36 123 93 0
36 123 71 0
36 123 93 0
36 123 29 1
36 123 82 0
36 123 56 0
36 123 47 0
36 123 40 0
36 123 5 0
36 123 33 0
36 123 15 0
36 123 41 0
36 123 74 1
36 123 28 0
37 38 10 1
37 38 55 1
37 38 35 1
37 38 5 1
37 38 88 1
37 42 92 0
37 42 89 0
37 78 42 0
37 78 3 1
37 78 60 1
37 78 38 1
37 78 75 1
37 78 15 1
37 80 62 0
37 80 94 0
37 80 57 0
37 80 44 0
37 80 37 0
37 80 47 0
37 80 44 0
37 80 13 0
37 80 55 0
37 80 4 0
37 80 32 0
37 80 69 0
37 80 18 0
37 80 71 0
37 80 29 0
37 80 37 0
37 80 38 0
37 80 10 0
37 80 78 0
37 80 11 0
37 80 13 0
37 80 17 0
37 80 4 0
37 80 25 0
37 80 26 0
37 80 55 0
37 80 44 0
37 80 12 0
37 80 52 0
37 80 63 0
37 82 41 0
37 82 44 0
37 82 25 0
37 82 26 0
37 82 13 0
37 82 10 0
37 82 12 0
37 82 81 0
37 82 90 0
37 82 14 0
37 82 64 0
37 82 54 0
37 82 23 1
37 82 72 1
37 82 51 1
37 82 53 0
37 82 2 1
37 82 62 1
37 82 53 1
37 82 70 1
37 82 76 1
37 123 77 0
37 123 2 0
37 123 92 0
37 123 65 0
37 123 6 0
37 123 54 0
37 123 43 0
37 123 86 0
37 123 12 0
37 123 48 0
37 123 98 0
37 123 14 0
37 123 37 0
37 123 8 0
37 123 94 0
37 123 32 0
37 123 74 0
37 123 34 0
37 123 85 0
37 123 18 0
37 123 30 0
37 123 86 0
37 123 24 0
37 123 5 0
37 123 88 0
37 123 35 0
37 123 30 0
37 123 95 0
37 123 51 0
37 123 14 0
37 123 51 0
37 123 62 0
37 123 99 0
37 123 66 0
37 123 42 0
37 123 40 0
37 123 89 0
37 123 32 0
37 123 44 0
37 123 51 0
37 123 75 0
37 123 33 0
37 123 33 0
37 123 2 0
37 123 62 0
37 123 79 0
37 123 9 0
37 123 36 0
37 123 66 0
37 123 74 0
37 123 24 0
37 123 36 0
37 123 52 1
37 123 9 0
37 123 94 0
37 123 16 0
37 123 93 0
37 123 2 0
37 123 69 0
37 123 42 0
37 123 76 0
37 123 54 1
37 123 10 0
37 123 4 0
37 123 93 0
37 123 23 0
37 123 36 0
37 123 59 1
37 123 58 0
37 123 27 0
37 123 79 0
37 123 49 0
37 123 52 0
37 123 26 0
37 123 18 0
37 123 46 0
37 123 33 0
37 123 8 0
37 123 84 0
37 123 39 0
37 123 87 0
37 123 39 0
37 123 83 0
37 123 64 0
37 123 40 0
37 123 55 1
37 123 17 0
37 123 50 0
37 123 36 1
37 123 34 0
38 1 69 0
38 1 4 0
38 1 28 1
38 30 9 1
38 30 10 1
38 30 62 1
38 30 12 1
38 30 59 0
38 30 53 1
38 30 79 1
38 30 40 1
38 30 74 1
38 30 40 1
38 38 85 0
38 38 84 1
38 38 95 1
38 38 85 1
38 38 85 1
38 38 85 1
38 42 26 1
38 42 72 1
38 42 77 1
38 42 47 0
38 42 36 1
38 42 71 1
38 42 20 0
38 42 39 0
38 42 4 1
38 42 47 0
38 44 98 0
38 44 70 0
38 44 23 1
38 44 95 0
38 44 80 1
38 44 95 1
38 44 59 1
38 48 51 1
38 48 96 1
38 48 39 0
38 48 20 0
38 48 53 0
38 48 4 0
38 48 29 1
38 48 10 1
38 48 40 1
38 48 60 1
38 48 6 1
38 49 59 0
38 49 11 0
38 49 29 0
38 49 34 1
38 49 32 1
38 49 32 0
38 49 66 1
38 49 33 0
38 49 12 0
38 49 26 1
38 78 67 0
38 78 44 0
38 78 88 1
38 78 95 0
38 78 10 1
38 78 95 0
38 78 2 0
38 78 30 0
38 78 16 0
38 78 78 1
38 80 58 0
38 80 99 1
38 80 30 0
38 80 42 0
38 80 61 0
38 80 93 0
38 80 41 0
38 80 89 0
38 80 57 0
38 80 69 0
38 80 86 0
38 80 18 0
38 80 62 0
38 82 18 0
38 82 76 0
38 82 91 0
38 82 43 0
38 82 10 0
38 82 38 0
38 82 58 0
38 82 34 1
38 82 56 0
38 82 97 0
38 123 77 1
38 123 16 0
38 123 40 0
38 123 27 1
38 123 39 0
38 123 44 0
38 123 59 0
38 123 46 0
38 123 76 0
38 123 35 0
38 123 31 0
38 123 1 0
38 123 34 0
38 123 64 0
38 123 62 0
38 123 75 0
38 123 9 0
38 123 65 0
38 123 82 0
38 123 52 0
38 123 50 0
38 123 16 0
38 123 74 0
38 123 46 0
38 123 25 0
38 123 30 0
38 123 67 0
38 123 86 0
38 123 4 0
38 123 39 0
38 123 11 0
38 123 49 0
38 123 87 0
38 123 97 0
38 123 41 0
38 123 72 0
38 123 35 1
38 123 95 1
38 123 63 1
39 1 99 0
39 1 82 0
39 1 75 1
39 1 49 0
39 38 84 0
39 38 25 1
39 38 67 0
39 38 39 1
39 38 50 1
39 38 10 0
39 38 78 1
39 38 89 1
39 38 40 1
39 38 16 1
39 38 99 0
39 38 38 1
39 38 72 1
39 38 60 1
39 38 72 1
39 38 55 0
39 38 37 1
39 38 62 1
39 38 36 1
39 38 70 0
39 38 55 1
39 38 53 1
39 38 28 1
39 38 84 1
39 38 58 0
39 38 36 1
39 38 79 1
39 38 22 1
39 38 77 1
39 38 50 1
39 42 26 1
39 42 48 1
39 42 79 1
39 42 84 1
39 42 48 1
39 44 78 0
39 44 93 1
39 44 17 0
39 44 71 0
39 44 77 0
39 44 76 0
39 44 90 1
39 44 42 0
39 48 60 0
39 48 93 0
39 48 61 0
39 49 50 0
39 49 20 1
39 49 37 1
39 49 94 0
39 49 63 1
39 49 33 1
39 49 85 0
39 49 36 1
39 49 54 0
39 49 5 0
39 49 32 1
39 49 12 1
39 49 43 0
39 49 22 1
39 49 89 0
39 49 94 1
39 49 48 1
39 49 12 1
39 49 69 0
39 49 54 0
39 49 51 1
39 49 83 1
39 49 85 0
39 49 50 0
39 49 15 1
39 49 21 1
39 49 18 1
39 49 18 0
39 49 58 0
39 49 11 1
39 49 55 0
39 49 54 1
39 78 82 1
39 78 97 1
39 78 20 1
39 78 78 1
39 78 35 1
39 80 23 0
39 80 38 1
39 80 7 1
39 80 47 0
39 80 26 0
39 80 70 0
39 80 82 0
39 80 1 1
39 80 14 0
39 80 99 1
39 80 64 1
39 80 93 1
39 80 45 1
39 80 92 1
39 82 26 1
39 82 28 1
39 82 67 0
39 82 34 1
39 82 7 1
39 123 77 0
39 123 73 1
39 123 94 0
39 123 47 1
39 123 93 0
39 123 66 0
39 123 61 0
39 123 91 0
39 123 70 0
39 123 61 1
39 123 39 0
39 123 70 1
39 123 8 0
39 123 36 1
39 123 3 0
39 123 11 0
39 123 77 1
39 123 3 0
40 80 76 0
40 123 90 0
40 123 78 0
41 32 15 1
41 32 18 1
42 32 34 1
42 32 27 1
43 32 88 1
43 32 51 1
44 32 65 1
44 32 1 1
45 30 79 0
45 30 18 1
45 30 65 1
45 30 37 1
45 30 82 1
45 30 85 0
45 30 30 0
45 30 97 0
45 30 57 0
45 32 34 1
46 22 57 1
46 30 9 1
46 30 98 1
46 30 3 1
46 30 73 1
46 30 31 0
46 30 16 0
46 30 11 1
46 30 6 1
46 30 91 0
46 30 2 1
46 30 98 1
46 30 3 0
46 30 97 0
46 30 25 0
46 30 38 0
46 30 1 1
46 30 77 0
46 30 45 1
46 30 76 0
46 30 76 0
46 30 85 1
46 30 28 1
46 30 77 1
46 32 26 1
46 38 21 0
46 43 79 1
46 44 27 1
46 78 42 0
46 78 4 1
46 78 78 1
46 78 63 1
47 32 29 1
47 32 51 1
47 32 24 1
47 33 33 1
47 33 10 0
48 52 35 1
48 52 17 1
48 52 79 1
48 52 33 1
48 52 80 1
49 30 17 1
49 30 17 1
49 30 54 1
49 30 57 0
49 30 48 1
49 30 16 1
49 30 12 1
49 30 39 0
49 30 78 0
49 30 69 0
49 30 81 0
49 30 28 1
49 30 17 0
49 30 44 0
49 30 95 0
49 32 64 0
49 32 61 1
49 32 52 1
49 32 11 1
50 59 60 0
50 59 94 1
50 59 30 0
50 59 65 1
50 59 79 1
50 59 77 1
51 32 1 1
51 32 72 1
52 98 69 0
52 98 53 1
52 98 68 1
52 98 81 0
52 98 80 1
52 98 7 0
52 98 8 1
52 98 13 1
52 98 82 1
52 98 75 0
52 98 6 1
52 98 66 1
52 98 49 1
52 98 4 1
53 98 8 1
53 98 1 1
53 98 91 0
53 98 62 0
53 98 78 1
53 98 72 1
53 98 12 1
53 98 1 0
53 98 94 1
53 98 16 1
53 98 5 1
53 98 37 0
53 98 55 1
53 98 83 1
53 98 35 1
53 98 53 0
53 98 96 1
54 98 27 0
54 98 19 0
54 98 95 0
54 98 23 0
54 98 82 0
54 98 71 1
54 98 70 1
54 98 77 0
54 98 46 0
54 98 65 0
54 98 93 0
54 98 97 0
54 98 84 1
54 98 88 1
54 98 39 1
54 98 65 1
54 98 52 0
54 98 47 1
54 98 98 0
54 98 37 0
54 98 93 1
54 98 25 1
54 98 21 1
55 98 1 1
55 98 87 0
55 98 14 1
55 98 70 1
55 98 46 1
55 98 13 1
55 98 14 1
55 98 21 1
56 98 35 1
56 98 18 1
56 98 50 1
56 98 36 1
56 98 49 1
57 5 24 0
57 5 80 1
57 5 34 0
57 5 45 0
57 5 37 1
57 5 72 0
57 5 23 1
57 5 67 1
57 5 86 1
57 5 82 0
57 7 85 0
57 7 71 1
57 7 31 0
57 7 18 0
57 8 58 0
57 8 82 1
57 8 21 1
57 8 1 0
57 9 16 0
57 9 2 1
57 9 53 0
57 9 95 0
57 9 60 1
57 9 41 0
57 9 92 0
57 9 34 1
57 9 38 0
57 9 74 1
57 9 96 0
57 10 87 1
57 10 77 1
57 11 66 0
57 11 68 0
57 11 30 1
57 56 68 1
57 56 17 0
57 56 62 1
57 56 14 1
57 56 9 1
57 98 95 1
57 98 87 1
57 98 29 0
57 98 58 1
57 98 90 1
57 98 59 1
57 98 18 0
57 98 87 0
57 98 97 1
57 98 98 0
57 98 43 0
57 98 4 1
57 98 70 1
57 98 85 1
57 98 13 0
57 98 59 1
57 98 55 1
57 98 92 1
57 98 78 0
57 98 69 1
57 98 74 0
57 98 57 1
57 98 20 1
57 98 57 1
57 98 93 0
57 98 58 1
57 98 35 1
57 98 77 1
57 98 48 1
57 98 1 1
57 98 33 1
57 106 14 0
57 106 97 0
57 106 92 0
57 106 16 0
57 106 55 0
57 106 17 0
57 106 11 1
57 106 19 0
58 98 17 1
58 98 56 1
58 98 7 0
58 98 46 1
58 98 9 1
58 98 87 1
58 98 79 1
58 98 28 0
58 98 4 1
58 98 90 1
58 98 99 1
59 42 99 0
59 42 84 0
59 42 39 0
59 42 34 0
59 42 50 0
59 56 14 0
59 56 54 1
59 56 44 1
59 56 12 1
59 79 46 0
59 79 98 1
59 79 89 1
59 79 23 1
59 79 90 1
59 81 14 1
59 81 94 1
59 82 14 0
59 82 68 0
59 82 91 0
59 82 10 0
59 82 25 0
59 82 36 0
59 82 19 0
60 48 60 0
60 48 38 0
60 48 59 0
60 48 85 0
60 48 53 0
60 48 8 0
60 52 16 0
60 123 95 1
60 123 33 1
60 123 16 1
60 123 43 1
60 123 29 1
60 123 23 1
61 82 10 1
61 82 19 0
61 82 26 1
61 82 72 1
61 82 67 0
61 82 33 1
61 82 53 0
61 82 30 1
61 82 18 0
61 82 94 1
61 82 15 1
61 82 71 1
61 82 6 0
61 82 3 1
61 82 90 0
61 82 41 1
61 82 17 1
61 82 75 1
61 82 60 0
61 82 26 1
61 82 55 1
61 82 35 1
61 82 87 1
61 82 47 1
61 82 15 1
62 4 71 0
62 4 67 0
62 4 19 0
62 4 56 0
62 4 99 0
62 4 77 0
62 4 88 0
62 4 93 0
62 4 41 1
62 4 8 0
62 4 91 1
62 7 40 0
62 7 5 0
62 7 91 0
62 7 51 0
62 7 85 0
62 7 99 0
62 7 75 0
62 7 40 0
62 7 52 0
62 7 25 0
62 7 87 0
62 7 86 0
62 8 4 0
62 8 85 0
62 9 24 0
62 9 76 0
62 9 5 0
62 11 59 0
62 11 38 0
62 66 57 0
62 123 49 0
62 123 81 0
62 123 59 0
62 123 68 0
62 123 78 0
62 123 89 0
62 123 4 0
62 123 12 0
62 123 96 0
62 123 23 0
63 49 6 0
63 49 36 0
64 63 72 1
64 63 48 1
64 63 99 1
64 98 43 0
64 98 54 0
64 98 57 0
64 98 44 1
64 98 59 1
64 98 52 0
64 98 14 1
64 98 4 1
64 98 31 1
64 98 38 1
64 98 65 0
64 98 74 1
64 98 49 0
64 98 13 0
64 98 30 0
64 98 93 0
64 98 99 0
64 98 80 0
64 98 12 0
64 98 13 1
64 98 36 1
64 98 28 1
64 98 30 0
64 98 31 0
64 98 88 0
64 98 22 1
64 98 52 1
64 98 4 1
64 98 63 0
64 98 37 1
64 98 93 0
64 98 52 1
64 98 29 0
64 98 70 0
64 98 46 1
64 98 58 1
64 98 57 1
64 98 83 1
64 98 46 1
64 98 34 1
64 98 70 1
64 99 96 1
64 99 49 1
65 37 41 0
65 38 91 0
65 38 74 1
65 38 27 0
65 38 67 0
65 38 52 0
65 38 28 0
65 38 44 0
65 42 14 0
65 42 46 1
65 42 97 1
65 42 57 0
65 42 35 1
65 42 43 0
65 42 55 0
65 55 86 0
65 56 16 1
65 79 38 1
65 79 98 0
65 79 79 1
65 79 73 0
65 79 56 0
65 79 4 0
65 79 73 1
65 79 88 0
65 81 64 1
65 81 32 1
65 82 97 0
65 82 92 0
65 82 39 0
65 82 83 0
65 82 4 0
65 82 22 0
65 82 65 0
65 82 56 0
65 82 77 0
65 82 34 0
65 82 79 0
65 82 53 0
65 82 75 0
65 82 36 0
65 96 7 1
65 123 72 0
65 123 37 1
65 123 14 0
66 37 33 1
66 37 62 1
66 42 44 0
66 42 86 1
66 42 29 0
66 42 2 1
66 42 55 0
66 42 13 0
66 45 72 0
66 45 50 1
66 45 29 0
66 55 28 0
66 55 29 1
66 55 53 1
66 55 15 0
66 55 32 1
66 79 16 1
66 79 98 0
66 79 33 1
66 79 5 1
66 79 73 0
66 79 68 0
66 79 2 1
66 79 6 1
66 81 95 1
66 81 16 1
66 82 19 0
66 82 21 1
66 82 69 0
66 82 36 1
66 82 29 0
66 82 73 1
66 82 97 1
66 82 90 1
66 123 91 0
66 123 84 1
66 123 87 1
66 123 40 0
66 123 21 1
66 123 96 0
67 18 88 0
67 30 9 1
67 30 87 0
67 30 27 0
67 30 95 0
67 30 32 1
67 30 85 1
67 30 47 0
67 30 39 0
67 30 30 1
67 30 50 0
67 30 30 0
67 30 90 0
67 30 53 0
67 30 15 0
67 30 11 1
67 30 70 0
67 37 51 0
67 38 53 0
67 38 47 0
67 38 64 0
67 38 17 0
67 38 55 0
67 38 69 0
67 38 49 0
67 38 70 1
67 42 62 0
67 42 74 0
67 42 9 0
67 42 82 0
67 42 77 0
67 42 77 0
67 42 36 0
67 42 15 1
67 55 72 0
67 56 66 1
67 79 89 0
67 79 12 1
67 79 41 1
67 79 79 0
67 79 98 1
67 79 81 0
67 79 29 1
67 79 11 0
67 79 78 1
67 79 29 1
67 79 10 0
67 79 67 0
67 79 1 0
67 79 86 0
67 79 35 0
67 79 73 1
67 79 80 1
67 81 42 0
67 81 85 0
67 81 16 1
67 81 92 1
67 81 37 1
67 81 1 1
67 82 5 0
67 82 60 0
67 82 76 0
67 82 7 0
67 82 45 0
67 82 34 0
67 82 13 0
67 82 89 0
67 82 27 0
67 82 74 0
67 82 57 0
67 82 70 0
67 82 99 0
67 82 90 0
67 82 44 0
67 82 7 0
67 82 47 1
67 82 79 1
67 82 46 1
67 82 17 0
67 82 20 1
67 96 78 1
67 123 50 1
67 123 55 1
67 123 94 1
67 123 70 0
67 123 48 0
67 123 70 0
67 123 75 1
68 6 23 0
68 6 14 0
68 6 93 0
68 6 54 0
68 6 63 0
68 6 31 0
68 6 72 0
68 6 61 0
68 6 13 0
68 6 13 0
68 6 96 0
68 6 67 0
68 6 7 0
68 6 80 0
68 6 94 0
68 6 73 0
68 8 50 0
68 8 47 0
68 8 80 0
68 8 12 0
68 10 77 0
68 10 77 0
68 10 48 0
68 10 66 0
68 10 73 0
68 14 75 0
68 14 21 0
68 14 65 0
68 14 87 0
68 14 93 0
68 14 35 0
68 14 4 0
68 14 67 0
68 14 22 0
68 14 43 0
68 14 19 0
68 14 31 0
68 14 99 0
68 37 28 0
68 37 18 0
68 37 30 0
68 37 83 0
68 37 47 0
68 37 13 0
68 37 95 0
68 45 69 0
68 45 32 0
68 45 18 0
68 45 6 0
68 45 62 0
68 45 36 0
68 45 29 0
68 45 35 0
68 45 29 0
68 45 97 0
68 45 85 0
68 45 11 0
68 45 98 0
68 45 8 0
68 45 32 0
68 45 88 0
68 45 87 0
68 45 17 0
68 45 27 0
68 45 56 0
68 45 73 0
68 45 50 0
68 45 99 0
68 45 88 0
68 45 55 0
68 45 63 0
68 45 21 0
68 45 52 0
68 45 32 0
68 45 42 0
68 45 3 0
68 45 44 0
68 45 96 0
68 45 94 0
68 45 28 0
68 45 2 0
68 45 62 0
68 45 26 0
68 45 8 0
68 45 4 0
68 45 51 0
68 45 51 0
68 45 48 0
68 45 73 0
68 45 37 0
68 45 60 0
68 45 66 0
68 45 21 0
68 45 81 0
68 45 95 0
68 45 81 0
68 45 14 0
68 45 65 0
68 45 64 0
68 45 9 0
68 45 8 0
68 45 18 0
68 45 27 0
68 45 74 0
68 45 78 0
68 58 11 0
68 58 76 0
68 58 35 0
68 58 56 0
68 58 59 0
68 58 63 0
68 58 46 0
68 58 4 0
68 58 96 0
68 58 3 0
68 58 69 0
68 58 17 0
68 58 29 0
68 58 31 0
68 58 59 0
68 58 36 0
68 58 25 0
68 58 86 0
68 58 3 0
68 58 97 0
68 58 10 0
68 58 5 0
68 58 7 0
68 58 67 0
68 58 89 0
68 58 60 0
68 58 58 0
68 58 12 0
68 58 97 0
68 58 11 0
68 58 75 0
68 58 19 0
68 58 18 0
68 58 73 0
68 58 61 0
68 58 18 0
68 58 93 0
68 58 89 0
68 58 14 0
68 58 95 0
68 58 54 0
68 58 71 0
68 58 18 0
68 58 99 0
68 58 8 0
68 58 75 0
68 58 6 0
68 58 28 0
68 58 3 0
68 58 91 0
68 58 2 0
68 58 49 0
68 58 62 0
68 58 89 0
68 58 12 0
68 58 52 0
68 58 87 0
68 58 34 0
68 58 53 0
68 58 18 0
68 58 3 0
68 58 87 0
68 58 6 0
68 58 8 0
68 58 95 0
68 58 45 0
68 58 11 0
68 58 41 0
68 58 32 0
68 58 83 0
68 58 68 0
68 58 97 0
68 58 91 0
68 58 56 0
68 58 68 0
68 58 62 0
68 58 13 0
68 58 15 0
68 58 13 0
68 58 12 0
68 58 72 0
68 58 87 0
68 63 24 0
68 63 65 0
68 63 16 0
68 81 17 0
68 81 44 0
68 81 96 0
68 81 35 0
68 81 65 0
68 81 26 0
68 81 85 0
68 81 73 0
68 81 75 0
68 81 86 0
68 81 3 0
68 81 3 0
68 81 79 0
68 81 89 0
68 81 71 0
68 81 29 0
68 81 76 0
68 81 41 0
68 81 22 0
68 81 16 0
68 81 41 0
68 81 73 0
68 81 30 0
68 81 35 0
68 96 32 0
68 96 19 0
68 96 48 0
68 96 70 0
68 96 66 0
68 96 40 0
68 96 6 0
68 96 54 0
68 96 53 0
68 96 72 0
68 96 75 0
68 96 74 0
68 96 80 0
68 96 36 0
68 96 75 0
68 97 16 0
68 97 36 0
68 97 21 0
68 98 29 0
68 98 28 0
68 98 26 0
68 98 14 0
68 98 34 0
68 98 44 0
68 98 25 1
68 98 86 0
68 98 33 0
68 98 83 0
68 98 98 0
68 98 90 1
68 98 92 0
68 98 71 0
68 98 40 0
68 98 57 0
68 98 94 0
68 98 69 0
68 98 64 0
68 98 62 1
68 98 62 1
68 98 58 1
68 98 24 0
68 98 21 0
68 98 49 0
68 98 49 0
68 98 86 0
68 98 2 0
68 98 45 0
68 98 74 0
68 98 6 0
68 98 50 0
68 98 26 1
68 98 76 1
68 98 46 0
68 98 80 0
68 98 56 1
68 98 9 1
68 98 31 0
68 98 11 1
68 98 6 1
68 98 90 1
68 98 35 0
68 98 16 0
68 98 67 1
68 98 71 1
68 98 11 0
68 98 98 1
68 98 49 1
68 98 36 1
68 98 59 0
68 98 62 0
68 98 32 1
68 98 65 1
68 99 8 0
68 99 86 1
68 99 98 1
68 99 87 1
68 99 74 0
68 99 48 1
68 99 75 1
68 99 77 1
68 99 62 0
68 99 92 1
68 99 46 0
68 99 54 1
68 99 65 0
68 99 30 1
68 99 72 0
68 99 41 1
68 99 35 1
68 99 57 1
68 99 64 0
68 99 53 1
68 99 6 1
68 99 33 1
68 99 69 0
68 99 7 0
68 99 36 0
68 99 70 1
68 99 23 1
68 99 79 1
68 104 75 0
68 104 70 0
68 104 1 0
68 104 18 0
68 104 30 0
68 104 92 0
68 104 3 0
68 104 26 0
68 104 11 0
68 104 6 0
68 104 24 0
68 104 82 0
68 104 75 0
68 104 63 0
68 104 34 0
68 123 18 0
68 123 66 0
68 123 3 0
68 123 61 0
68 123 99 0
68 123 49 0
68 123 38 0
68 123 29 0
68 123 22 0
68 123 9 0
68 123 56 0
68 123 23 0
68 123 88 0
68 123 32 0
68 123 46 0
68 123 17 0
68 123 47 0
68 123 50 0
68 123 85 0
68 123 82 0
68 123 72 0
68 123 51 0
68 123 73 0
68 123 61 0
68 123 21 0
68 123 7 0
68 123 4 0
68 123 9 0
68 123 62 0
68 123 25 0
68 123 42 1
68 123 64 0
68 123 97 0
68 123 65 0
68 123 24 1
68 123 45 0
68 123 54 1
68 123 62 0
68 123 1 1
68 123 31 0
68 123 30 1
68 123 18 1
68 123 77 0
68 123 72 1
68 123 96 1
68 123 49 1
68 123 62 1
69 13 25 0
69 13 18 0
69 13 54 0
69 13 74 1
69 13 34 1
69 13 92 0
69 13 90 1
69 13 76 0
70 30 11 0
70 37 1 1
70 38 99 0
70 42 88 1
70 55 90 1
70 56 45 1
70 79 5 1
70 79 76 1
70 81 66 1
70 81 74 1
70 82 22 0
70 82 28 0
70 82 6 1
70 82 21 1
70 82 63 1
70 82 90 1
70 96 92 1
71 13 5 0
72 6 30 0
72 6 45 1
72 6 99 1
72 6 96 0
72 6 45 1
72 6 99 1
72 6 11 1
72 6 8 1
72 8 43 0
72 8 31 1
72 10 82 1
72 10 84 0
72 10 21 1
72 10 95 1
72 10 88 1
72 14 14 0
72 14 48 1
72 14 97 0
72 14 76 1
72 14 22 1
72 14 13 1
72 14 48 0
72 14 98 1
72 14 70 1
72 14 54 1
72 14 6 1
72 14 79 0
72 14 87 1
72 14 7 0
72 14 71 1
72 14 53 1
72 14 61 1
72 14 75 1
72 14 10 1
72 37 84 1
72 45 92 0
72 45 4 1
72 45 91 0
72 45 56 0
72 45 80 0
72 45 2 0
72 45 24 0
72 45 47 0
72 45 96 1
72 45 21 0
72 45 11 1
72 45 38 0
72 45 96 0
72 45 81 1
72 45 1 0
72 45 39 0
72 45 43 0
72 45 89 0
72 45 26 1
72 45 95 0
72 45 98 0
72 45 85 0
72 45 32 0
72 45 75 0
72 45 42 0
72 45 53 0
72 45 4 0
72 45 48 0
72 45 14 0
72 45 82 1
72 45 43 0
72 58 61 0
72 58 39 1
72 58 58 0
72 58 7 0
72 58 53 0
72 58 32 0
72 58 27 0
72 58 73 0
72 58 30 1
72 58 66 0
72 58 62 1
72 58 79 0
72 58 27 0
72 58 32 1
72 58 60 0
72 58 74 0
72 58 87 0
72 58 46 0
72 58 82 1
72 58 71 0
72 58 73 0
72 58 71 0
72 58 81 0
72 58 18 0
72 58 25 0
72 58 81 0
72 58 84 0
72 58 31 0
72 58 70 0
72 58 86 1
72 58 51 0
72 96 94 0
72 96 95 0
72 96 31 0
72 96 4 1
72 96 47 1
72 96 67 1
72 97 30 1
72 98 57 0
72 98 30 0
72 98 13 0
72 98 26 0
72 98 21 1
72 98 61 0
72 98 17 0
72 98 21 0
72 98 41 0
72 98 12 1
72 98 96 0
72 98 16 0
72 99 24 0
72 99 66 1
72 99 63 1
72 99 84 1
72 99 89 0
72 99 11 1
72 99 69 1
72 99 73 1
72 123 31 0
72 123 35 0
72 123 81 1
72 123 42 1
72 123 25 1
72 123 79 0
72 123 85 0
72 123 23 0
73 14 91 1
73 14 84 0
73 14 71 1
73 14 15 1
73 14 50 1
73 14 23 0
73 14 44 0
73 14 48 0
74 18 37 0
74 18 21 0
74 18 81 0
74 18 77 0
74 58 95 0
74 58 4 0
74 58 52 0
74 58 88 0
74 58 89 0
74 58 3 0
74 98 58 0
75 0 11 1
75 0 30 1
75 0 91 1
75 0 79 1
75 0 36 1
75 0 34 1
75 0 20 1
75 0 39 1
75 9 65 1
75 9 92 1
75 9 8 1
75 9 58 1
75 9 10 1
75 9 37 1
75 9 90 1
75 11 33 1
76 0 25 1
76 0 80 1
76 0 19 1
76 0 40 1
76 0 47 1
76 0 15 1
76 0 48 0
76 0 87 0
76 0 67 0
76 0 30 1
76 0 34 1
76 0 67 1
76 0 71 1
76 9 4 1
76 9 22 1
76 9 75 1
76 9 79 1
76 9 86 1
76 9 3 1
76 9 6 1
76 11 76 0
76 11 24 0
76 11 35 0
76 11 36 1
76 11 98 1
76 11 79 1
77 56 10 1
77 56 5 0
77 56 63 1
77 56 15 0
77 56 4 1
77 56 59 1
77 56 81 1
77 56 67 0
77 56 88 1
77 56 37 1
77 56 27 1
77 56 33 1
77 56 62 1
78 0 28 1
78 0 8 0
78 0 61 1
78 0 51 1
78 0 40 1
78 0 46 1
78 0 74 1
78 0 37 1
78 0 10 1
78 0 33 0
78 0 36 1
78 0 89 1
78 0 8 1
78 0 54 1
78 9 88 1
78 9 17 0
78 9 74 1
78 9 86 1
78 9 70 1
78 9 20 1
78 9 79 1
78 9 41 1
78 9 22 1
78 9 40 1
78 11 59 0
78 11 68 1
78 11 95 1
78 11 33 1
79 49 45 1
79 49 58 0
79 49 23 0
79 49 77 1
79 49 76 1
79 49 31 1
79 49 77 1
79 49 50 1
79 49 17 1
79 49 2 1
79 49 90 1
79 49 52 1
79 49 15 1
79 49 81 0
79 49 23 0
79 49 47 1
79 49 54 1
79 49 70 1
79 51 64 1
79 51 48 0
79 51 46 0
79 123 33 0
79 123 74 0
79 123 54 0
79 123 86 0
80 97 22 0
80 97 82 1
80 97 52 1
80 97 76 0
81 14 29 0
81 14 14 0
81 14 31 1
81 14 85 1
81 14 24 1
81 14 69 0
81 14 47 1
81 14 31 1
81 14 82 1
81 14 13 1
82 56 93 1
82 56 28 0
82 56 70 1
82 56 80 0
82 56 10 1
82 56 81 1
82 56 27 1
82 56 53 1
82 56 81 1
82 56 61 1
82 56 15 1
82 56 55 1
82 56 19 1
82 56 96 0
82 56 74 1
82 56 40 1
82 56 77 0
82 56 34 1
82 56 68 1
82 56 9 1
82 56 54 1
82 56 63 0
82 56 59 1
82 56 62 1
82 56 1 1
82 56 16 1
82 56 25 1
82 56 43 1
82 56 68 0
82 56 79 1
82 56 66 1
82 56 8 1
82 56 42 1
82 56 97 1
82 56 33 1
82 56 89 1
82 56 2 1
82 56 41 0
82 56 5 0
82 56 39 1
82 56 15 1
82 56 47 1
82 56 26 1
82 56 67 1
82 56 46 1
82 56 91 1
82 56 18 1
82 56 35 0
82 56 17 1
82 56 94 1
82 56 41 0
83 56 50 1
83 56 60 0
83 56 95 1
83 56 33 1
83 56 3 1
83 56 22 1
83 56 73 1
83 56 98 1
83 56 68 1
83 56 39 1
83 56 58 1
83 56 82 1
83 56 37 1
83 56 28 1
83 56 51 1
83 56 77 1
83 56 52 0
83 56 33 0
83 56 72 0
83 56 71 1
83 56 94 0
83 56 89 1
83 56 89 0
83 56 87 1
83 56 34 1
83 56 56 1
83 56 68 1
83 56 16 1
83 56 38 1
83 56 89 1
83 56 76 1
83 56 38 1
83 56 88 1
83 56 35 1
83 56 91 1
83 56 15 1
83 56 8 1
83 56 54 1
83 56 56 0
83 56 82 1
83 56 4 1
83 56 33 1
83 56 40 1
83 56 17 1
83 56 26 1
83 56 4 1
83 56 69 1
83 56 34 1
83 56 57 1
83 56 93 1
83 56 87 1
83 56 4 1
83 56 95 1
83 56 5 0
83 56 12 1
83 56 86 1
83 56 37 1
83 56 50 1
83 56 15 1
83 56 17 1
83 56 4 1
83 56 27 1
83 56 18 1
83 56 46 1
83 56 14 1
83 56 90 1
83 56 84 1
83 56 61 1
83 56 89 1
83 56 22 1
83 56 6 1
83 56 45 1
83 56 67 1
83 56 59 1
83 56 89 1
83 56 4 1
83 56 73 1
83 56 13 1
83 56 29 1
83 56 81 1
83 56 12 1
83 56 14 1
83 56 25 1
83 56 7 1
83 56 71 1
84 49 7 1
84 49 16 1
84 49 87 1
84 49 55 1
84 49 72 0
84 49 20 1
84 49 84 0
84 49 99 0
84 49 39 0
84 49 13 1
84 49 39 1
84 49 76 0
84 49 97 1
84 49 9 0
84 49 95 1
84 49 44 0
84 49 97 0
84 49 9 1
84 49 2 0
84 49 24 1
84 49 22 0
84 49 55 0
84 49 29 0
84 49 62 0
84 49 35 0
84 49 70 0
84 49 75 0
84 51 41 1
84 51 30 0
84 51 90 0
84 51 15 0
84 51 28 0
84 51 58 0
84 123 64 0
84 123 40 0
84 123 42 0
84 123 15 0
84 123 36 0
84 123 64 0
84 123 92 0
84 123 36 0
84 123 7 0
84 123 30 1
85 49 56 1
85 49 91 0
85 49 10 0
85 49 46 0
85 49 15 0
85 49 17 0
85 49 46 1
85 49 10 1
85 49 26 1
85 49 72 1
85 49 98 1
85 49 84 1
85 49 55 0
85 49 96 1
85 49 90 0
85 49 83 1
85 49 22 1
85 49 21 1
85 49 51 0
86 49 88 1
86 49 5 1
86 49 81 1
86 49 67 1
87 98 16 0
87 98 89 1
87 98 52 1
87 98 73 0
87 98 94 0
87 98 1 1
87 98 75 1
87 98 97 1
87 98 31 0
87 98 60 0
87 98 9 0
87 98 89 0
87 98 42 1
87 98 80 1
87 98 73 1
87 98 72 1
87 98 82 0
87 98 11 1
87 98 16 1
87 98 24 1
87 98 29 0
87 98 80 1
87 98 15 0
87 98 80 0
87 98 68 0
87 98 11 1
87 98 34 0
87 98 37 0
87 98 8 0
87 98 30 1
87 98 91 1
87 98 56 1
88 5 19 0
88 5 12 0
88 5 61 0
88 5 96 0
88 5 16 1
88 5 90 0
88 5 55 1
88 5 57 1
88 5 54 1
88 5 96 0
88 5 49 0
88 5 52 0
88 7 24 0
88 7 22 0
88 7 22 1
88 7 12 0
88 7 41 1
88 7 21 0
88 7 40 1
88 7 67 0
88 7 88 0
88 7 13 0
88 7 19 1
88 7 3 0
88 7 14 1
88 7 42 1
88 7 51 1
88 8 51 0
88 8 21 0
88 8 42 0
88 8 36 0
88 8 34 0
88 8 94 0
88 8 53 0
88 9 73 0
88 9 84 1
88 9 99 1
88 9 68 1
88 9 8 0
88 9 50 0
88 9 83 1
88 10 1 1
88 11 27 0
88 11 59 1
88 11 16 1
88 15 75 0
88 15 2 0
88 15 1 0
88 25 84 0
88 25 31 0
88 26 12 0
88 26 47 0
88 26 19 1
88 26 91 0
88 26 83 1
88 26 13 1
88 26 80 1
88 38 52 0
88 38 97 1
88 38 89 0
88 38 63 1
88 38 67 1
88 38 21 1
88 38 51 1
88 42 68 1
88 42 59 0
88 42 14 1
88 42 59 1
88 42 47 1
88 42 92 1
88 46 39 1
88 46 78 1
88 46 7 1
88 52 92 0
88 52 69 1
88 52 87 1
88 52 39 1
88 53 7 1
88 58 29 0
88 59 1 0
88 59 11 1
88 59 91 1
88 59 9 0
88 59 2 0
88 59 78 1
88 59 39 1
88 59 67 0
88 59 21 0
88 59 22 0
88 59 72 1
88 59 91 1
88 59 28 1
88 60 88 0
88 60 40 0
88 60 48 0
88 60 28 0
88 60 55 0
88 60 11 0
88 60 21 0
88 60 19 1
88 79 91 0
88 79 69 0
88 79 35 0
88 79 97 0
88 79 13 1
88 79 89 1
88 79 78 1
88 79 45 0
88 79 13 0
88 79 25 1
88 79 36 1
88 79 53 0
88 79 54 1
88 79 14 0
88 79 69 0
88 79 80 1
88 79 87 0
88 79 74 0
88 79 48 0
88 79 61 1
88 79 10 1
88 79 48 0
88 79 23 0
88 79 85 1
88 79 16 1
88 81 18 0
88 81 49 1
88 81 9 1
88 81 51 1
88 82 85 0
88 82 58 0
88 82 29 1
88 82 15 0
88 82 56 0
88 82 59 1
88 82 44 0
88 82 11 1
88 82 89 1
88 82 73 0
88 82 55 1
88 82 1 1
88 82 16 1
88 82 68 1
88 82 45 1
88 82 97 1
88 84 29 0
88 84 9 1
88 85 16 1
88 85 24 1
88 96 5 1
88 96 96 0
88 96 86 1
88 96 89 0
88 96 47 0
88 96 43 1
88 96 47 1
88 97 34 0
88 97 14 1
88 98 90 0
88 98 53 1
88 98 78 1
88 98 40 1
88 98 75 0
88 98 37 0
88 98 45 0
88 98 97 0
88 98 89 0
88 98 77 0
88 98 79 0
88 98 29 0
88 98 84 0
88 98 83 1
88 98 94 0
88 98 63 0
88 98 21 0
88 98 5 1
88 98 88 1
88 98 90 0
88 98 86 0
88 98 15 1
88 98 77 0
88 98 76 0
88 98 87 1
88 98 13 1
88 98 79 0
88 98 32 1
88 98 20 1
88 98 2 1
88 98 15 0
88 98 87 0
88 98 73 1
88 98 50 1
88 98 5 0
88 98 94 1
88 98 28 1
89 5 54 0
89 5 92 0
89 5 35 0
89 5 55 1
89 5 20 1
89 5 16 0
89 5 2 0
89 5 35 0
89 5 81 1
89 5 68 1
89 7 27 1
89 7 25 0
89 7 23 1
89 7 27 1
89 7 85 1
89 8 43 0
89 8 84 0
89 8 54 0
89 8 30 0
89 8 54 0
89 8 71 0
89 8 67 0
89 8 66 0
89 9 61 1
89 9 16 1
89 9 23 0
89 9 37 0
89 9 30 0
89 9 72 0
89 9 90 0
89 9 50 1
89 9 57 0
89 9 63 0
89 9 37 0
89 9 60 1
89 9 32 1
89 9 96 1
89 9 74 1
89 9 31 0
89 9 64 0
89 9 20 0
89 9 68 1
89 9 78 1
89 9 37 0
89 10 67 0
89 11 36 0
89 11 93 1
89 11 62 0
89 11 59 0
89 11 5 1
89 11 40 1
89 11 6 0
89 11 66 0
89 11 84 0
89 11 20 0
89 11 12 1
89 11 37 1
89 11 96 1
89 12 65 0
89 12 82 1
89 12 97 0
89 12 7 0
89 12 44 0
89 12 59 1
89 12 27 1
89 12 1 1
89 12 40 1
89 13 79 0
89 13 35 0
89 15 10 0
89 16 3 0
89 18 67 0
89 25 89 0
89 26 72 0
89 26 97 0
89 26 76 0
89 26 13 0
89 26 95 0
89 26 27 0
89 26 16 0
89 26 27 0
89 26 97 0
89 26 87 1
89 30 16 0
89 30 2 0
89 30 62 0
89 30 4 0
89 30 96 1
89 30 99 1
89 30 78 1
89 32 68 1
89 32 93 0
89 32 26 0
89 32 25 1
89 32 54 0
89 32 14 0
89 32 55 0
89 32 54 0
89 32 7 1
89 32 18 0
89 32 92 0
89 32 37 0
89 32 46 1
89 32 31 1
89 32 10 1
89 36 59 0
89 36 6 0
89 36 23 0
89 36 56 0
89 36 13 0
89 36 48 0
89 36 79 1
89 36 10 0
89 36 13 1
89 36 89 0
89 36 41 1
89 36 23 1
89 36 10 1
89 37 88 0
89 37 45 1
89 37 99 1
89 38 21 0
89 38 63 0
89 38 87 0
89 38 90 0
89 38 15 1
89 38 56 1
89 38 86 1
89 41 74 0
89 41 27 0
89 41 68 0
89 41 38 0
89 42 27 0
89 42 84 0
89 42 63 1
89 42 90 1
89 45 2 0
89 45 27 0
89 45 98 1
89 45 82 0
89 45 73 1
89 46 15 0
89 46 99 0
89 46 21 0
89 46 44 0
89 46 5 0
89 46 46 0
89 46 26 0
89 46 44 0
89 46 92 0
89 46 89 1
89 46 12 0
89 46 95 0
89 46 8 1
89 46 66 1
89 46 59 1
89 52 40 0
89 52 41 1
89 52 31 1
89 52 62 1
89 53 12 0
89 53 52 0
89 53 56 0
89 53 74 0
89 53 53 0
89 53 1 1
89 53 54 1
89 53 56 1
89 55 50 0
89 55 76 0
89 55 75 1
89 55 68 0
89 55 62 0
89 55 18 1
89 55 5 1
89 55 49 0
89 55 40 1
89 55 58 1
89 55 36 1
89 58 41 0
89 58 88 0
89 58 34 0
89 58 93 0
89 58 85 0
89 58 84 0
89 58 18 0
89 58 40 1
89 58 18 0
89 59 15 0
89 59 68 1
89 59 74 0
89 59 64 1
89 59 85 0
89 59 67 0
89 59 44 1
89 59 74 1
89 59 91 1
89 60 58 0
89 60 18 0
89 60 26 0
89 60 83 1
89 60 85 1
89 60 76 1
89 79 98 0
89 79 70 0
89 79 58 1
89 79 67 1
89 79 41 1
89 79 72 1
89 79 36 0
89 79 9 1
89 79 85 1
89 79 78 1
89 81 5 0
89 81 42 1
89 81 37 1
89 81 91 1
89 81 92 0
89 81 73 0
89 81 88 1
89 81 11 1
89 81 3 1
89 82 10 0
89 82 74 1
89 82 32 1
89 82 49 1
89 82 41 1
89 82 94 1
89 82 47 0
89 83 13 0
89 84 59 0
89 84 71 0
89 84 65 0
89 84 83 0
89 85 66 0
89 85 67 1
89 85 97 0
89 85 20 0
89 92 12 0
89 94 33 0
89 97 70 1
89 97 54 1
89 98 38 0
89 98 88 1
89 98 13 0
89 98 95 1
89 98 49 0
89 98 16 0
89 98 23 0
89 98 5 0
89 98 12 0
89 98 55 0
89 98 44 0
89 98 94 1
89 98 51 0
89 98 50 0
89 98 62 0
89 98 18 1
89 98 39 0
89 98 88 0
89 98 69 1
89 98 91 1
89 98 25 0
89 98 96 0
89 98 20 1
89 98 54 1
89 98 73 1
89 98 15 0
89 98 53 0
89 98 51 0
89 98 50 1
89 98 76 1
89 98 6 0
89 98 21 0
89 98 44 1
89 98 62 0
89 98 9 0
89 98 80 0
89 98 46 1
89 98 41 1
89 98 54 0
89 98 91 1
89 98 89 0
89 98 50 1
89 98 75 0
89 98 82 1
89 98 19 1
89 98 79 1
89 98 31 0
89 98 42 0
89 98 63 1
89 98 79 0
89 98 38 0
89 98 30 0
89 98 21 1
89 98 6 1
89 98 71 0
89 98 88 0
89 98 81 0
89 98 93 1
89 98 86 1
89 98 96 1
89 98 42 0
89 98 68 1
89 98 32 1
89 98 60 1
89 98 85 0
89 98 51 1
89 101 40 1
89 123 66 0
89 123 44 0
89 123 93 0
89 123 18 1
89 123 10 0
89 123 62 1
89 123 38 1
89 123 65 0
89 123 11 0
89 123 95 0
90 79 19 1
90 81 26 1
90 81 84 0
90 81 32 0
90 81 55 1
90 81 13 0
90 81 31 0
90 81 45 1
90 81 57 0
90 81 23 1
90 81 73 1
90 81 32 0
90 81 95 0
90 98 77 0
90 98 95 1
90 98 72 1
90 98 50 1
90 98 1 0
90 98 9 1
90 98 39 1
90 98 12 1
90 98 71 0
90 98 42 0
90 98 35 1
90 98 37 0
90 98 43 0
90 98 96 1
90 98 69 1
90 98 9 1
90 123 55 1
90 123 46 1
91 49 59 1
91 49 99 1
91 49 27 0
91 49 68 1
91 49 8 1
91 49 66 1
91 49 27 1
91 49 13 1
91 49 74 0
91 49 15 1
91 49 68 1
91 49 16 1
91 49 15 1
91 49 26 1
91 49 41 1
91 49 84 1
91 49 80 0
91 49 30 1
91 49 7 0
91 49 90 1
91 49 96 1
91 49 45 0
91 49 47 1
92 37 11 1
92 37 26 1
92 55 40 1
92 55 94 1
93 30 44 0
93 30 97 1
93 30 10 1
93 30 58 1
93 30 30 0
93 30 12 0
93 30 41 1
93 30 56 1
93 30 91 1
93 30 1 0
93 30 91 0
93 30 58 0
93 30 22 1
93 30 78 1
93 30 62 0
93 30 7 1
93 30 19 1
93 30 51 1
93 30 66 0
93 30 42 0
93 30 46 0
93 30 68 0
93 30 93 0
93 30 96 1
93 30 79 1
93 30 88 1
93 37 38 1
93 38 5 0
93 42 4 1
93 55 18 1
93 79 79 0
93 79 79 0
93 79 44 0
93 79 76 1
93 79 79 0
93 79 2 1
93 79 79 0
93 79 37 1
93 79 85 1
93 81 32 1
93 81 71 1
93 82 2 0
93 82 57 1
93 82 10 1
93 82 93 1
93 82 83 1
93 96 29 1
94 37 83 1
94 37 71 1
94 45 78 0
94 45 57 1
94 45 4 1
94 55 66 0
94 55 60 1
94 55 57 1
94 55 73 1
94 55 8 1
94 123 27 0
94 123 75 1
94 123 80 0
95 45 6 1
95 45 46 0
95 45 62 1
95 45 16 0
95 45 11 0
95 45 51 0
95 45 59 1
95 55 37 1
95 55 44 0
95 55 33 1
95 55 62 0
95 55 18 0
95 55 62 0
95 55 31 1
95 55 64 1
95 55 11 1
95 79 39 1
95 81 94 1
95 81 48 1
95 98 91 1
95 98 80 1
95 98 84 0
95 98 60 1
95 98 3 1
95 98 3 1
95 98 80 0
95 98 65 1
95 98 25 1
95 98 5 1
95 98 1 0
95 98 65 1
95 98 46 1
95 98 33 1
95 98 83 0
95 98 25 0
95 98 66 1
95 98 5 1
95 98 32 0
95 98 50 1
95 98 11 1
95 98 78 1
95 98 92 1
95 98 87 1
95 98 42 1
95 98 86 1
95 98 14 1
95 98 71 0
95 98 78 1
95 98 46 1
95 98 12 1
95 98 45 1
95 98 35 1
95 123 47 0
95 123 70 1
95 123 9 1
95 123 75 0
95 123 15 1
95 123 98 1
95 123 20 1
95 123 25 0
95 123 4 1
96 82 10 1
96 82 72 1
97 37 59 1
97 37 21 1
97 37 11 1
97 45 49 0
97 45 81 1
97 45 57 0
97 45 21 1
97 55 82 0
97 55 52 1
97 55 20 1
97 55 55 0
97 55 93 1
97 55 88 1
97 55 94 1
97 55 13 1
97 63 41 0
97 79 70 1
97 79 5 1
97 81 39 1
97 81 30 1
97 97 45 0
97 97 30 0
97 97 18 0
97 97 13 0
97 97 45 0
97 97 54 1
97 97 75 0
97 97 42 1
97 97 24 1
97 97 13 1
97 98 84 1
97 98 63 0
97 98 33 1
97 98 91 1
97 98 86 1
97 98 15 1
97 98 50 0
97 98 69 1
97 98 55 1
97 98 46 0
97 98 25 0
97 98 51 1
97 98 32 1
97 98 90 0
97 98 41 0
97 98 45 1
97 98 69 0
97 123 29 0
97 123 9 1
97 123 71 0
97 123 19 1
97 123 42 0
97 123 52 0
98 15 56 0
98 15 82 0
98 16 24 0
98 16 45 0
98 18 49 0
98 123 20 0
98 123 84 0
98 123 19 0
98 123 43 0
98 123 75 1
98 123 16 1
99 15 73 1
99 16 46 1
99 17 46 1
99 18 9 1
99 19 77 1
99 25 28 0
100 45 84 1
100 45 32 1
100 55 8 1
100 55 71 1
100 63 82 0
100 79 29 1
100 79 67 1
100 81 77 1
100 81 93 1
100 97 7 0
100 97 24 1
100 97 61 1
100 97 16 0
100 97 88 0
100 97 24 1
100 97 67 1
100 97 20 1
100 98 50 1
100 98 41 0
100 98 27 0
100 98 88 1
100 98 38 1
100 98 5 1
100 98 28 1
100 98 72 1
100 98 23 1
100 99 80 1
100 123 23 1
100 123 40 0
100 123 41 1
101 37 92 1
101 55 49 1
101 55 54 1
101 79 90 0
101 79 2 1
101 79 78 1
101 79 45 1
101 79 41 1
101 81 31 1
101 81 97 1
101 97 58 1
102 37 58 1
102 55 96 1
102 55 14 1
102 63 88 1
102 63 37 1
102 79 96 1
102 79 80 0
102 79 55 1
102 79 73 0
102 79 90 1
102 79 23 0
102 79 52 1
102 79 22 1
102 79 26 1
102 81 6 1
102 81 37 1
102 97 69 0
102 97 7 0
102 97 17 0
102 97 7 0
102 97 63 0
102 97 24 0
102 97 4 0
102 97 85 1
102 97 13 0
102 97 10 0
102 97 44 1
102 97 37 1
102 97 91 1
102 98 17 1
102 98 29 1
102 98 55 1
102 98 76 0
102 98 65 1
102 98 96 1
102 98 36 1
102 98 20 1
102 99 89 1
102 99 8 0
103 37 70 1
103 37 38 1
103 55 58 1
103 55 29 1
103 63 47 1
103 63 59 1
103 63 17 1
103 79 56 1
103 79 38 1
103 81 15 1
103 81 28 1
103 97 11 1
103 98 91 1
103 98 41 1
103 98 46 1
103 98 88 1
103 98 98 1
103 98 98 1
103 98 94 1
103 98 50 0
103 99 28 1
103 99 89 1
104 4 33 0
104 4 23 1
104 4 13 1
104 4 18 1
104 98 1 0
104 98 26 1
104 98 58 0
104 98 48 1
104 98 5 1
105 4 92 1
105 4 21 1
106 4 75 1
106 4 21 1
107 4 2 0
107 4 2 1
107 4 15 1
107 4 78 1
107 63 66 0
107 98 88 0
107 98 89 0
107 98 29 1
107 98 1 1
107 98 26 0
107 98 10 0
107 98 25 0
107 98 51 0
107 98 9 1
107 98 81 1
107 98 25 1
107 99 50 1
107 99 53 0
107 99 90 0
107 99 1 1
107 99 27 1
107 99 77 1
107 99 15 0
107 99 5 1
107 99 76 1
107 99 56 1
107 99 30 1
107 99 69 0
107 99 85 1
107 99 78 0
107 99 4 1
107 99 67 0
107 99 94 1
107 99 6 1
107 123 51 0
108 63 94 1
108 63 69 0
108 98 2 1
108 123 74 1
108 123 88 1
108 123 56 1
109 4 29 0
109 4 55 1
109 4 51 1
109 4 31 1
109 63 25 0
109 63 65 0
109 63 54 0
109 63 93 0
109 63 54 0
109 98 60 0
109 98 47 0
109 98 85 0
109 98 98 1
109 98 33 0
109 98 79 0
109 98 7 0
109 98 22 0
109 98 36 0
109 98 19 0
109 98 90 0
109 99 36 0
109 99 13 1
109 99 74 0
109 99 47 1
109 99 79 0
109 99 16 1
109 99 73 0
109 99 46 1
109 99 55 0
109 99 23 1
109 99 94 0
109 99 56 1
109 99 16 1
109 99 66 1
109 99 2 0
109 99 72 1
109 106 44 0
109 106 13 0
109 106 55 0
109 106 88 0
109 106 29 0
109 106 55 0
109 106 32 1
109 106 71 0
109 106 49 1
109 106 82 0
109 123 7 0
109 123 8 1
109 123 95 1
109 123 82 1
109 123 58 1
109 123 25 1
109 123 16 1
109 123 41 0
109 123 52 1
110 63 85 1
110 63 64 1
110 99 10 0
110 99 22 1
110 99 57 0
110 99 32 1
110 99 94 1
110 99 14 1
110 99 31 1
111 44 22 0
111 44 6 0
111 44 93 1
111 44 99 1
111 44 97 1
111 51 49 0
111 51 33 0
111 51 4 0
111 51 84 0
111 51 1 1
111 51 35 1
111 51 85 0
112 44 20 0
113 37 3 1
113 37 44 1
113 45 23 0
113 45 58 1
113 45 63 1
113 55 97 1
113 55 63 0
113 55 44 1
113 55 79 1
113 55 33 1
113 96 22 1
113 96 21 1
113 96 3 0
113 96 97 0
113 96 35 1
113 96 84 1
113 96 54 0
113 96 84 1
113 96 53 1
113 96 40 1
113 123 73 1
113 123 88 1
113 123 26 1
114 82 71 1
114 82 44 1
114 82 40 0
114 82 10 1
114 82 83 1
114 82 56 1
114 82 87 1
114 82 91 1
114 82 92 0
114 82 93 1
114 82 20 1
114 82 75 1
114 82 47 1
114 82 7 1
115 44 33 0
115 44 14 1
115 44 90 1
115 44 80 0
115 51 17 0
115 51 77 1
115 51 10 1
115 51 65 0
115 51 10 1
115 51 5 0
115 51 90 1
116 58 59 1
116 80 58 0
116 80 19 0
116 80 31 0
116 80 12 0
116 96 85 1
116 104 51 1
116 123 18 0
116 123 64 1
116 123 45 0
116 123 92 0
116 123 17 0
116 123 8 0
116 123 97 0
116 123 24 0
116 123 15 0
117 44 14 0
117 44 45 1
117 44 25 1
117 44 36 0
117 44 73 1
117 51 20 1
118 30 94 1
118 30 33 1
118 30 74 1
118 30 32 1
118 30 54 1
118 30 50 1
118 30 71 1
118 30 77 1
118 82 30 0
118 82 95 1
118 82 75 0
118 82 51 1
118 82 95 1
118 82 20 1
118 82 9 1
118 82 4 1
119 30 68 0
119 30 33 0
119 30 60 0
119 30 11 0
119 30 73 1
119 30 69 0
119 30 33 1
119 30 72 1
119 30 25 0
119 30 1 0
119 30 87 0
119 30 10 1
119 30 66 1
119 30 88 1
120 81 28 1
120 81 48 1
121 79 98 0
121 79 8 0
121 79 31 0
121 79 66 0
121 79 75 0
121 79 22 0
121 79 11 0
122 30 8 1
122 32 87 0
122 32 86 1
122 32 7 1
122 32 63 1
122 42 49 1
122 49 96 0
122 49 93 1
122 49 98 1
122 49 63 0
122 49 60 1
122 49 51 1
122 49 22 1
122 56 87 1
122 79 92 1
122 79 61 1
122 81 32 1
122 81 60 0
122 81 47 1
122 81 63 1
122 81 6 1
122 82 14 0
122 92 3 0
122 123 32 0
122 123 38 1
123 32 48 0
123 32 77 1
123 32 32 1
123 32 18 0
123 32 49 1
123 32 1 1
123 32 43 1
123 42 13 1
123 56 71 0
123 56 25 1
123 56 52 1
123 56 49 1
123 79 87 0
123 79 34 1
123 79 44 1
123 79 23 0
123 79 99 1
123 79 12 1
123 79 59 0
123 79 46 0
123 81 24 1
123 81 1 1
123 82 74 0
124 6 69 1
124 6 28 1
124 10 96 1
124 10 99 1
124 82 30 1
125 41 64 0
125 41 13 1
125 41 48 0
125 41 86 0
125 41 42 1
125 41 96 1
125 41 27 1
125 42 87 1
125 80 40 1
125 82 9 1
126 44 11 0
126 44 1 0
126 49 69 1
126 49 49 1
126 49 49 1
126 49 31 1
126 49 59 1
126 49 19 0
126 49 88 1
126 49 76 1
126 49 13 1
126 49 29 1
126 49 57 1
126 49 4 0
126 49 18 0
126 49 9 0
126 49 81 0
126 49 41 0
126 49 73 0
126 49 62 0
126 49 53 1
126 49 77 0
126 49 77 1
126 49 10 0
126 49 46 0
126 49 49 1
126 49 99 0
126 49 33 1
126 49 74 1
126 49 87 1
126 51 38 1
126 51 71 0
126 51 32 0
126 51 38 0
126 51 43 0
126 51 17 0
126 123 84 0
126 123 11 0
126 123 25 0
126 123 43 0
126 123 38 0
126 123 77 0
126 123 46 1
126 123 69 0
126 123 43 0
126 123 33 0
127 6 22 0
127 6 1 1
127 6 99 1
127 6 84 1
127 6 84 1
127 6 26 1
127 11 95 1
127 11 10 1
127 12 33 0
127 13 33 1
127 13 72 0
127 14 40 0
127 14 30 1
127 14 77 1
127 14 69 1
127 17 24 1
127 20 46 1
127 20 74 1
127 21 13 1
127 21 87 1
127 29 38 1
127 32 71 1
127 32 93 1
127 32 91 1
127 32 30 1
127 33 22 1
127 33 43 1
127 33 14 1
127 33 4 1
127 33 16 1
127 33 40 1
127 33 3 1
127 34 83 1
127 34 90 1
127 34 90 1
127 36 69 0
127 36 49 0
127 36 61 0
127 36 14 1
127 36 2 0
127 36 91 1
127 36 4 1
127 36 47 1
127 37 24 1
127 37 87 1
127 37 74 1
127 39 99 1
127 39 72 1
127 39 40 1
127 39 69 1
127 39 74 1
127 40 9 1
127 40 21 1
127 42 17 0
127 42 41 0
127 42 10 1
127 42 93 1
127 42 63 0
127 42 29 0
127 42 88 0
127 42 47 1
127 46 81 1
127 46 29 1
127 46 69 1
127 46 82 1
127 46 23 1
127 46 98 1
127 55 86 1
127 55 45 1
127 79 59 1
127 79 86 1
127 79 28 1
127 80 29 0
127 80 17 0
127 80 9 1
127 80 71 1
127 80 31 1
127 80 36 1
127 80 56 1
127 81 38 1
127 81 54 1
127 81 66 1
127 81 94 1
127 81 5 1
127 82 58 0
127 82 92 1
127 82 37 1
127 82 72 1
127 82 13 1
127 85 12 1
127 96 17 0
127 96 71 1
127 96 3 0
127 96 28 1
127 96 90 0
127 96 11 1
127 96 48 0
127 119 73 1
127 123 38 1
127 123 13 0
127 123 37 1
127 123 45 0
127 123 44 1
127 123 64 1
127 123 86 1
127 123 30 0
127 123 15 1
127 123 75 1
127 123 54 0
127 123 85 1
127 123 39 0
127 123 16 1
128 17 95 1
128 36 81 1
128 37 14 1
128 42 81 1
128 58 73 1
128 79 38 1
128 79 74 1
128 79 90 1
128 80 67 1
128 80 39 1
128 81 29 1
128 81 61 1
128 81 87 1
128 82 40 1
128 82 53 1
129 2 49 0
129 5 6 0
129 5 40 0
129 5 58 0
129 5 43 0
129 6 54 0
129 6 44 1
129 6 34 0
129 6 99 1
129 6 34 0
129 8 78 0
129 8 55 0
129 8 83 1
129 8 89 0
129 8 32 1
129 8 68 0
129 10 76 0
129 11 65 0
129 11 8 0
129 13 26 0
129 13 80 0
129 17 94 1
129 30 15 0
129 30 42 1
129 30 94 1
129 30 42 1
129 30 33 1
129 30 4 0
129 30 99 0
129 32 86 0
129 32 85 1
129 32 24 0
129 32 81 1
129 32 68 1
129 32 40 1
129 33 67 0
129 33 70 0
129 37 33 1
129 37 98 0
129 37 40 0
129 37 29 1
129 37 48 1
129 37 98 1
129 37 39 1
129 37 81 1
129 42 69 0
129 42 5 0
129 42 32 0
129 45 89 0
129 45 73 1
129 45 89 1
129 55 74 1
129 55 44 0
129 55 46 0
129 55 89 0
129 55 46 1
129 55 7 1
129 58 71 0
129 79 33 0
129 79 66 0
129 79 53 1
129 79 58 1
129 79 70 0
129 79 74 1
129 79 38 0
129 79 73 0
129 79 13 0
129 79 41 1
129 79 16 1
129 79 7 1
129 80 35 0
129 80 19 0
129 80 50 1
129 80 57 1
129 81 84 0
129 81 89 1
129 81 13 0
129 81 46 0
129 81 74 0
129 81 26 1
129 82 80 0
129 82 42 1
129 82 71 1
129 82 55 1
129 82 98 1
129 123 13 1
129 123 59 0
129 123 63 1
129 123 94 1
129 123 89 1
129 123 13 0
129 123 90 1
129 123 70 0
129 123 71 0
129 123 89 1
129 123 48 0
129 123 26 0
129 123 72 0
129 123 17 0
129 123 63 0
129 123 81 1
129 123 35 0
129 123 30 1
129 123 41 0
129 123 1 1
129 123 33 1
129 123 88 1
129 123 62 0
129 123 36 1
129 123 92 1
129 123 59 1
129 123 47 1
129 123 80 1
129 123 21 1
129 123 22 0
129 123 78 1
129 123 73 1
129 123 26 1
129 123 52 1
129 123 66 0
129 123 33 1
129 123 59 1
129 123 28 1
129 123 64 1
129 123 78 1
129 123 2 1
129 123 26 1
129 123 73 1
130 14 70 0
130 14 56 0
130 14 17 0
130 14 86 0
130 14 8 0
130 14 32 0
131 99 43 1
131 99 43 1
131 99 90 0
131 99 87 1
131 99 4 1
131 99 61 1
132 49 69 1
133 5 9 1
133 5 50 1
133 5 47 1
133 5 93 1
133 5 25 1
133 5 57 1
133 5 94 1
133 5 52 1
133 5 63 1
133 5 21 1
133 5 8 1
133 5 35 1
133 5 99 1
133 5 84 1
133 5 5 1
133 6 61 1
133 6 5 1
133 6 17 1
133 6 99 1
133 6 50 0
133 6 69 1
133 6 72 1
133 6 23 0
133 6 99 1
133 6 57 1
133 6 41 0
133 6 93 1
133 6 82 1
133 6 73 1
133 6 29 1
133 6 23 1
133 6 36 1
133 8 58 1
133 8 91 1
133 8 9 1
133 8 92 1
133 10 40 1
133 10 20 1
133 10 99 1
133 10 11 1
133 11 42 1
133 11 70 1
133 11 78 1
133 11 95 1
133 11 11 1
133 11 73 1
133 11 90 1
133 14 11 1
133 14 56 1
133 14 77 1
133 14 22 0
133 14 78 1
133 14 38 1
133 14 82 1
133 14 77 1
133 17 23 0
133 18 20 1
133 18 76 1
133 18 43 1
133 18 77 1
133 18 85 1
133 18 97 1
133 18 28 1
133 18 25 1
133 18 76 1
133 19 63 1
133 19 67 1
133 19 48 1
133 30 63 0
133 30 46 0
133 30 11 1
133 30 65 1
133 30 73 1
133 30 7 1
133 30 98 1
133 30 72 1
133 30 98 1
133 30 71 1
133 30 91 1
133 30 35 1
133 30 16 0
133 30 83 1
133 30 91 1
133 30 77 0
133 30 40 1
133 30 92 1
133 30 79 1
133 30 68 1
133 30 90 1
133 30 24 1
133 30 53 1
133 30 75 1
133 30 34 1
133 30 42 1
133 30 89 1
133 30 94 1
133 30 82 1
133 30 19 0
133 30 69 1
133 30 61 1
133 30 86 1
133 30 97 1
133 30 23 1
133 30 30 1
133 30 45 1
133 30 61 1
133 30 30 0
133 30 98 1
133 30 83 1
133 30 79 1
133 30 78 1
133 30 55 0
133 30 42 1
133 30 56 0
133 30 2 1
133 30 65 1
133 30 16 1
133 30 49 1
133 30 17 1
133 30 62 1
133 30 27 1
133 30 11 1
133 30 27 1
133 30 71 1
133 30 97 1
133 30 2 1
133 30 26 0
